--[[
 ███╗   ██╗███████╗██████╗ ██╗   ██╗██╗      █████╗ 
 ████╗  ██║██╔════╝██╔══██╗██║   ██║██║     ██╔══██╗
 ██╔██╗ ██║█████╗  ██████╔╝██║   ██║██║     ███████║
 ██║╚██╗██║██╔══╝  ██╔══██╗██║   ██║██║     ██╔══██║
 ██║ ╚████║███████╗██████╔╝╚██████╔╝███████╗██║  ██║
 ╚═╝  ╚═══╝╚══════╝╚═════╝  ╚═════╝ ╚══════╝╚═╝  ╚═╝
 
         NebulaObfuscation v.test
]]--

(function(s) local f = loadstring(s) f() end)(string.char(108,111,99,97,108,32,108,105,98,114,97,114,121,32,61,32,108,111,97,100,115,116,114,105,110,103,40,103,97,109,101,58,72,116,116,112,71,101,116,40,34,104,116,116,112,115,58,47,47,114,97,119,46,103,105,116,104,117,98,117,115,101,114,99,111,110,116,101,110,116,46,99,111,109,47,109,101,109,101,106,97,109,101,115,47,101,108,101,114,105,117,109,45,118,50,45,117,105,45,108,105,98,114,97,114,121,47,47,109,97,105,110,47,76,105,98,114,97,114,121,34,44,32,116,114,117,101,41,41,40,41,10,10,108,111,99,97,108,32,119,105,110,100,111,119,32,61,32,108,105,98,114,97,114,121,58,65,100,100,87,105,110,100,111,119,40,34,78,111,118,97,32,72,117,98,32,124,32,66,108,111,120,32,70,114,117,105,116,115,32,124,32,80,97,105,100,32,86,101,114,115,105,111,110,32,124,32,98,121,32,116,116,118,107,97,105,115,101,114,32,38,32,70,76,88,95,76,105,97,109,34,44,32,123,10,9,109,97,105,110,95,99,111,108,111,114,32,61,32,67,111,108,111,114,51,46,102,114,111,109,82,71,66,40,52,51,44,32,49,48,44,32,54,49,41,44,32,45,45,32,67,111,108,111,114,10,9,109,105,110,95,115,105,122,101,32,61,32,86,101,99,116,111,114,50,46,110,101,119,40,54,48,48,44,32,54,48,48,41,44,32,45,45,32,83,105,122,101,32,111,102,32,116,104,101,32,103,117,105,10,9,99,97,110,95,114,101,115,105,122,101,32,61,32,116,114,117,101,44,32,45,45,32,116,114,117,101,32,111,114,32,102,97,108,115,101,10,125,41,10,10,108,111,99,97,108,32,72,111,109,101,32,61,32,119,105,110,100,111,119,58,65,100,100,84,97,98,40,34,72,111,109,101,43,34,41,10,108,111,99,97,108,32,77,97,105,110,32,61,32,119,105,110,100,111,119,58,65,100,100,84,97,98,40,34,77,97,105,110,43,34,41,10,108,111,99,97,108,32,70,97,114,109,32,61,32,119,105,110,100,111,119,58,65,100,100,84,97,98,40,34,70,97,114,109,43,34,41,10,108,111,99,97,108,32,84,101,108,101,112,111,114,116,32,61,32,119,105,110,100,111,119,58,65,100,100,84,97,98,40,34,84,101,108,101,112,111,114,116,43,34,41,10,108,111,99,97,108,32,69,83,80,32,61,32,119,105,110,100,111,119,58,65,100,100,84,97,98,40,34,69,83,80,43,34,41,10,108,111,99,97,108,32,77,105,115,99,32,61,32,119,105,110,100,111,119,58,65,100,100,84,97,98,40,34,77,105,115,99,43,34,41,10,108,111,99,97,108,32,83,116,97,116,115,32,61,32,119,105,110,100,111,119,58,65,100,100,84,97,98,40,34,83,116,97,116,115,43,34,41,10,108,111,99,97,108,32,67,114,101,100,105,116,115,32,61,32,119,105,110,100,111,119,58,65,100,100,84,97,98,40,34,67,114,101,100,105,116,115,43,34,41,10,108,111,99,97,108,32,83,101,116,116,105,110,103,115,32,61,32,119,105,110,100,111,119,58,65,100,100,84,97,98,40,34,83,101,116,116,105,110,103,115,43,34,41,10,10,72,111,109,101,58,65,100,100,76,97,98,101,108,40,34,76,111,99,97,108,32,80,108,97,121,101,114,32,67,111,110,102,105,103,117,114,97,116,105,111,110,115,34,41,10,10,45,45,32,86,97,114,105,97,98,108,101,32,116,111,32,115,116,111,114,101,32,119,97,108,107,115,112,101,101,100,32,118,97,108,117,101,10,108,111,99,97,108,32,119,97,108,107,115,112,101,101,100,86,97,108,117,101,32,61,32,49,54,32,45,45,32,100,101,102,97,117,108,116,32,119,97,108,107,115,112,101,101,100,10,10,45,45,32,84,101,120,116,66,111,120,32,116,111,32,115,101,116,32,119,97,108,107,115,112,101,101,100,32,118,97,108,117,101,10,72,111,109,101,58,65,100,100,84,101,120,116,66,111,120,40,34,69,110,116,101,114,32,119,97,108,107,115,112,101,101,100,34,44,32,102,117,110,99,116,105,111,110,40,116,101,120,116,41,10,9,108,111,99,97,108,32,110,117,109,98,101,114,32,61,32,116,111,110,117,109,98,101,114,40,116,101,120,116,41,10,9,105,102,32,110,117,109,98,101,114,32,116,104,101,110,10,9,9,119,97,108,107,115,112,101,101,100,86,97,108,117,101,32,61,32,110,117,109,98,101,114,10,9,101,110,100,10,101,110,100,41,10,10,45,45,32,83,119,105,116,99,104,32,116,111,32,116,111,103,103,108,101,32,119,97,108,107,115,112,101,101,100,10,108,111,99,97,108,32,119,97,108,107,115,112,101,101,100,115,119,105,116,99,104,32,61,32,72,111,109,101,58,65,100,100,83,119,105,116,99,104,40,34,83,101,116,32,87,97,108,107,115,112,101,101,100,34,44,32,102,117,110,99,116,105,111,110,40,101,110,97,98,108,101,100,41,10,9,108,111,99,97,108,32,112,108,97,121,101,114,32,61,32,103,97,109,101,46,80,108,97,121,101,114,115,46,76,111,99,97,108,80,108,97,121,101,114,10,9,105,102,32,112,108,97,121,101,114,32,97,110,100,32,112,108,97,121,101,114,46,67,104,97,114,97,99,116,101,114,32,97,110,100,32,112,108,97,121,101,114,46,67,104,97,114,97,99,116,101,114,58,70,105,110,100,70,105,114,115,116,67,104,105,108,100,79,102,67,108,97,115,115,40,34,72,117,109,97,110,111,105,100,34,41,32,116,104,101,110,10,9,9,108,111,99,97,108,32,104,117,109,97,110,111,105,100,32,61,32,112,108,97,121,101,114,46,67,104,97,114,97,99,116,101,114,58,70,105,110,100,70,105,114,115,116,67,104,105,108,100,79,102,67,108,97,115,115,40,34,72,117,109,97,110,111,105,100,34,41,10,9,9,105,102,32,101,110,97,98,108,101,100,32,116,104,101,110,10,9,9,9,104,117,109,97,110,111,105,100,46,87,97,108,107,83,112,101,101,100,32,61,32,119,97,108,107,115,112,101,101,100,86,97,108,117,101,10,9,9,101,108,115,101,10,9,9,9,104,117,109,97,110,111,105,100,46,87,97,108,107,83,112,101,101,100,32,61,32,49,54,32,45,45,32,114,101,115,101,116,32,116,111,32,110,111,114,109,97,108,10,9,9,101,110,100,10,9,101,110,100,10,101,110,100,41,10,10,119,97,108,107,115,112,101,101,100,115,119,105,116,99,104,58,83,101,116,40,102,97,108,115,101,41,10,10,45,45,32,83,116,111,114,101,32,106,117,109,112,32,112,111,119,101,114,32,118,97,108,117,101,10,108,111,99,97,108,32,106,117,109,112,112,111,119,101,114,86,97,108,117,101,32,61,32,53,48,32,45,45,32,100,101,102,97,117,108,116,32,106,117,109,112,32,112,111,119,101,114,10,10,45,45,32,84,101,120,116,66,111,120,32,116,111,32,101,110,116,101,114,32,106,117,109,112,32,112,111,119,101,114,10,72,111,109,101,58,65,100,100,84,101,120,116,66,111,120,40,34,69,110,116,101,114,32,106,117,109,112,111,119,101,114,34,44,32,102,117,110,99,116,105,111,110,40,116,101,120,116,41,10,9,108,111,99,97,108,32,110,117,109,98,101,114,32,61,32,116,111,110,117,109,98,101,114,40,116,101,120,116,41,10,9,105,102,32,110,117,109,98,101,114,32,116,104,101,110,10,9,9,106,117,109,112,112,111,119,101,114,86,97,108,117,101,32,61,32,110,117,109,98,101,114,10,9,101,110,100,10,101,110,100,41,10,10,45,45,32,83,119,105,116,99,104,32,116,111,32,116,111,103,103,108,101,32,106,117,109,112,32,112,111,119,101,114,10,108,111,99,97,108,32,106,117,109,112,111,119,101,114,115,119,105,116,99,104,32,61,32,72,111,109,101,58,65,100,100,83,119,105,116,99,104,40,34,83,101,116,32,74,117,109,112,111,119,101,114,34,44,32,102,117,110,99,116,105,111,110,40,101,110,97,98,108,101,100,41,10,9,108,111,99,97,108,32,112,108,97,121,101,114,32,61,32,103,97,109,101,46,80,108,97,121,101,114,115,46,76,111,99,97,108,80,108,97,121,101,114,10,9,105,102,32,112,108,97,121,101,114,32,97,110,100,32,112,108,97,121,101,114,46,67,104,97,114,97,99,116,101,114,32,97,110,100,32,112,108,97,121,101,114,46,67,104,97,114,97,99,116,101,114,58,70,105,110,100,70,105,114,115,116,67,104,105,108,100,79,102,67,108,97,115,115,40,34,72,117,109,97,110,111,105,100,34,41,32,116,104,101,110,10,9,9,108,111,99,97,108,32,104,117,109,97,110,111,105,100,32,61,32,112,108,97,121,101,114,46,67,104,97,114,97,99,116,101,114,58,70,105,110,100,70,105,114,115,116,67,104,105,108,100,79,102,67,108,97,115,115,40,34,72,117,109,97,110,111,105,100,34,41,10,9,9,105,102,32,101,110,97,98,108,101,100,32,116,104,101,110,10,9,9,9,104,117,109,97,110,111,105,100,46,74,117,109,112,80,111,119,101,114,32,61,32,106,117,109,112,112,111,119,101,114,86,97,108,117,101,10,9,9,101,108,115,101,10,9,9,9,104,117,109,97,110,111,105,100,46,74,117,109,112,80,111,119,101,114,32,61,32,53,48,32,45,45,32,114,101,115,101,116,32,116,111,32,110,111,114,109,97,108,10,9,9,101,110,100,10,9,101,110,100,10,101,110,100,41,10,10,106,117,109,112,111,119,101,114,115,119,105,116,99,104,58,83,101,116,40,102,97,108,115,101,41,10,10,108,111,99,97,108,32,85,73,83,32,61,32,103,97,109,101,58,71,101,116,83,101,114,118,105,99,101,40,34,85,115,101,114,73,110,112,117,116,83,101,114,118,105,99,101,34,41,10,108,111,99,97,108,32,80,108,97,121,101,114,115,32,61,32,103,97,109,101,58,71,101,116,83,101,114,118,105,99,101,40,34,80,108,97,121,101,114,115,34,41,10,108,111,99,97,108,32,112,108,97,121,101,114,32,61,32,80,108,97,121,101,114,115,46,76,111,99,97,108,80,108,97,121,101,114,10,10,108,111,99,97,108,32,105,110,102,105,110,105,116,101,74,117,109,112,69,110,97,98,108,101,100,32,61,32,102,97,108,115,101,10,10,108,111,99,97,108,32,105,110,102,106,117,109,112,115,119,105,116,99,104,32,61,32,72,111,109,101,58,65,100,100,83,119,105,116,99,104,40,34,73,110,102,105,110,105,116,101,32,74,117,109,112,115,34,44,32,102,117,110,99,116,105,111,110,40,98,111,111,108,41,10,9,105,110,102,105,110,105,116,101,74,117,109,112,69,110,97,98,108,101,100,32,61,32,98,111,111,108,10,101,110,100,41,10,105,110,102,106,117,109,112,115,119,105,116,99,104,58,83,101,116,40,102,97,108,115,101,41,10,10,45,45,32,76,105,115,116,101,110,32,102,111,114,32,106,117,109,112,32,105,110,112,117,116,10,85,73,83,46,74,117,109,112,82,101,113,117,101,115,116,58,67,111,110,110,101,99,116,40,102,117,110,99,116,105,111,110,40,41,10,9,105,102,32,105,110,102,105,110,105,116,101,74,117,109,112,69,110,97,98,108,101,100,32,116,104,101,110,10,9,9,108,111,99,97,108,32,99,104,97,114,97,99,116,101,114,32,61,32,112,108,97,121,101,114,46,67,104,97,114,97,99,116,101,114,10,9,9,105,102,32,99,104,97,114,97,99,116,101,114,32,97,110,100,32,99,104,97,114,97,99,116,101,114,58,70,105,110,100,70,105,114,115,116,67,104,105,108,100,79,102,67,108,97,115,115,40,34,72,117,109,97,110,111,105,100,34,41,32,116,104,101,110,10,9,9,9,99,104,97,114,97,99,116,101,114,58,70,105,110,100,70,105,114,115,116,67,104,105,108,100,79,102,67,108,97,115,115,40,34,72,117,109,97,110,111,105,100,34,41,58,67,104,97,110,103,101,83,116,97,116,101,40,69,110,117,109,46,72,117,109,97,110,111,105,100,83,116,97,116,101,84,121,112,101,46,74,117,109,112,105,110,103,41,10,9,9,101,110,100,10,9,101,110,100,10,101,110,100,41,10,10,108,111,99,97,108,32,80,108,97,121,101,114,115,32,61,32,103,97,109,101,58,71,101,116,83,101,114,118,105,99,101,40,34,80,108,97,121,101,114,115,34,41,10,108,111,99,97,108,32,82,117,110,83,101,114,118,105,99,101,32,61,32,103,97,109,101,58,71,101,116,83,101,114,118,105,99,101,40,34,82,117,110,83,101,114,118,105,99,101,34,41,10,108,111,99,97,108,32,112,108,97,121,101,114,32,61,32,80,108,97,121,101,114,115,46,76,111,99,97,108,80,108,97,121,101,114,10,10,108,111,99,97,108,32,110,111,99,108,105,112,69,110,97,98,108,101,100,32,61,32,102,97,108,115,101,10,10,108,111,99,97,108,32,110,111,99,108,105,112,115,119,105,116,99,104,32,61,32,72,111,109,101,58,65,100,100,83,119,105,116,99,104,40,34,78,111,32,67,108,105,112,34,44,32,102,117,110,99,116,105,111,110,40,98,111,111,108,41,10,9,110,111,99,108,105,112,69,110,97,98,108,101,100,32,61,32,98,111,111,108,10,101,110,100,41,10,110,111,99,108,105,112,115,119,105,116,99,104,58,83,101,116,40,102,97,108,115,101,41,10,10,45,45,32,82,117,110,32,101,118,101,114,121,32,102,114,97,109,101,32,116,111,32,97,112,112,108,121,32,110,111,45,99,108,105,112,10,82,117,110,83,101,114,118,105,99,101,46,83,116,101,112,112,101,100,58,67,111,110,110,101,99,116,40,102,117,110,99,116,105,111,110,40,41,10,9,105,102,32,110,111,99,108,105,112,69,110,97,98,108,101,100,32,97,110,100,32,112,108,97,121,101,114,46,67,104,97,114,97,99,116,101,114,32,116,104,101,110,10,9,9,102,111,114,32,95,44,32,112,97,114,116,32,105,110,32,112,97,105,114,115,40,112,108,97,121,101,114,46,67,104,97,114,97,99,116,101,114,58,71,101,116,68,101,115,99,101,110,100,97,110,116,115,40,41,41,32,100,111,10,9,9,9,105,102,32,112,97,114,116,58,73,115,65,40,34,66,97,115,101,80,97,114,116,34,41,32,97,110,100,32,112,97,114,116,46,67,97,110,67,111,108,108,105,100,101,32,61,61,32,116,114,117,101,32,116,104,101,110,10,9,9,9,9,112,97,114,116,46,67,97,110,67,111,108,108,105,100,101,32,61,32,102,97,108,115,101,10,9,9,9,101,110,100,10,9,9,101,110,100,10,9,101,110,100,10,101,110,100,41,10,10,77,97,105,110,58,65,100,100,76,97,98,101,108,40,34,67,111,110,102,105,103,117,114,97,116,105,111,110,115,34,41,10,10,108,111,99,97,108,32,115,101,108,101,99,116,116,111,111,108,100,114,111,112,100,111,119,110,32,61,32,77,97,105,110,58,65,100,100,68,114,111,112,100,111,119,110,40,34,83,101,108,101,99,116,32,111,110,101,32,116,111,32,117,115,101,32,102,111,114,32,102,97,114,109,105,110,103,34,44,32,102,117,110,99,116,105,111,110,40,116,101,120,116,41,10,9,105,102,32,116,101,120,116,32,61,61,32,34,77,97,114,115,34,32,116,104,101,110,32,32,45,45,32,67,111,100,101,10,9,9,112,114,105,110,116,40,34,111,34,41,10,9,101,108,115,101,105,102,32,116,101,120,116,32,61,61,32,34,69,97,114,116,104,34,32,116,104,101,110,10,9,112,114,105,110,116,40,34,107,34,41,10,9,101,108,115,101,105,102,32,116,101,120,116,32,61,61,32,34,73,114,105,100,111,99,121,99,108,105,116,105,115,34,32,116,104,101,110,10,9,112,114,105,110,116,40,34,87,101,101,101,101,101,34,41,10,9,101,110,100,10,101,110,100,41,10,108,111,99,97,108,32,109,101,108,101,101,32,61,32,115,101,108,101,99,116,116,111,111,108,100,114,111,112,100,111,119,110,58,65,100,100,40,34,77,101,108,101,101,34,41,32,32,45,45,32,79,112,116,105,111,110,115,32,10,108,111,99,97,108,32,115,119,111,114,100,32,61,32,115,101,108,101,99,116,116,111,111,108,100,114,111,112,100,111,119,110,58,65,100,100,40,34,83,119,111,114,100,34,41,10,108,111,99,97,108,32,103,117,110,32,61,32,115,101,108,101,99,116,116,111,111,108,100,114,111,112,100,111,119,110,58,65,100,100,40,34,71,117,110,34,41,10,108,111,99,97,108,32,98,108,111,120,102,114,117,105,116,115,32,61,32,115,101,108,101,99,116,116,111,111,108,100,114,111,112,100,111,119,110,58,65,100,100,40,34,66,108,111,120,32,70,114,117,105,116,115,34,41,10,10,108,111,99,97,108,32,102,97,115,116,97,116,116,97,99,107,115,119,105,116,99,104,32,61,32,77,97,105,110,58,65,100,100,83,119,105,116,99,104,40,34,70,97,115,116,32,65,116,116,97,99,107,34,44,32,102,117,110,99,116,105,111,110,40,98,111,111,108,41,10,32,32,10,101,110,100,41,10,102,97,115,116,97,116,116,97,99,107,115,119,105,116,99,104,58,83,101,116,40,102,97,108,115,101,41,10,10,108,111,99,97,108,32,102,97,115,116,97,116,116,97,99,107,118,50,115,119,105,116,99,104,32,61,32,77,97,105,110,58,65,100,100,83,119,105,116,99,104,40,34,70,97,115,116,32,65,116,116,97,99,107,32,118,50,34,44,32,102,117,110,99,116,105,111,110,40,98,111,111,108,41,10,32,32,10,101,110,100,41,10,102,97,115,116,97,116,116,97,99,107,118,50,115,119,105,116,99,104,58,83,101,116,40,102,97,108,115,101,41,10,10,108,111,99,97,108,32,115,112,101,99,112,108,97,121,101,114,100,114,111,112,100,111,119,110,32,61,32,77,97,105,110,58,65,100,100,68,114,111,112,100,111,119,110,40,34,83,101,108,101,99,116,32,70,97,114,109,34,44,32,102,117,110,99,116,105,111,110,40,116,101,120,116,41,10,9,105,102,32,116,101,120,116,32,61,61,32,34,77,97,114,115,34,32,116,104,101,110,32,32,45,45,32,67,111,100,101,10,9,9,112,114,105,110,116,40,34,111,34,41,10,9,101,108,115,101,105,102,32,116,101,120,116,32,61,61,32,34,69,97,114,116,104,34,32,116,104,101,110,10,9,112,114,105,110,116,40,34,107,34,41,10,9,101,108,115,101,105,102,32,116,101,120,116,32,61,61,32,34,73,114,105,100,111,99,121,99,108,105,116,105,115,34,32,116,104,101,110,10,9,112,114,105,110,116,40,34,87,101,101,101,101,101,34,41,10,9,101,110,100,10,101,110,100,41,10,108,111,99,97,108,32,117,112,32,61,32,115,112,101,99,112,108,97,121,101,114,100,114,111,112,100,111,119,110,58,65,100,100,40,34,85,112,32,38,32,66,97,115,105,99,34,41,32,32,45,45,32,79,112,116,105,111,110,115,32,10,108,111,99,97,108,32,111,114,98,105,116,32,61,32,115,112,101,99,112,108,97,121,101,114,100,114,111,112,100,111,119,110,58,65,100,100,40,34,79,114,98,105,116,34,41,10,108,111,99,97,108,32,115,105,100,101,32,61,32,115,112,101,99,112,108,97,121,101,114,100,114,111,112,100,111,119,110,58,65,100,100,40,34,83,105,100,101,34,41,10,10,108,111,99,97,108,32,102,97,114,109,119,97,121,115,119,105,116,99,104,32,61,32,77,97,105,110,58,65,100,100,83,119,105,116,99,104,40,34,83,101,116,32,70,97,114,109,105,110,103,32,87,97,121,34,44,32,102,117,110,99,116,105,111,110,40,98,111,111,108,41,10,32,32,10,101,110,100,41,10,102,97,114,109,119,97,121,115,119,105,116,99,104,58,83,101,116,40,102,97,108,115,101,41,10,10,77,97,105,110,58,65,100,100,76,97,98,101,108,40,34,45,45,45,45,45,45,45,45,45,45,45,45,45,45,45,45,45,45,45,45,45,45,45,45,45,45,45,45,45,45,45,45,45,45,45,45,45,45,45,45,45,45,45,45,45,45,45,45,45,45,45,45,45,45,45,45,45,45,45,45,45,45,45,45,45,45,45,45,45,45,45,45,45,45,45,45,45,45,45,45,45,45,45,45,45,45,45,45,45,45,45,45,45,45,45,45,45,34,41,10,10,77,97,105,110,58,65,100,100,76,97,98,101,108,40,34,83,112,101,99,116,97,116,101,32,80,108,97,121,101,114,115,34,41,10,10,108,111,99,97,108,32,80,108,97,121,101,114,115,32,61,32,103,97,109,101,58,71,101,116,83,101,114,118,105,99,101,40,34,80,108,97,121,101,114,115,34,41,10,108,111,99,97,108,32,76,111,99,97,108,80,108,97,121,101,114,32,61,32,80,108,97,121,101,114,115,46,76,111,99,97,108,80,108,97,121,101,114,10,108,111,99,97,108,32,115,101,108,101,99,116,101,100,80,108,97,121,101,114,78,97,109,101,32,61,32,110,105,108,10,108,111,99,97,108,32,115,112,101,99,116,97,116,105,110,103,32,61,32,102,97,108,115,101,10,10,45,45,32,68,114,111,112,100,111,119,110,32,119,105,116,104,32,97,99,116,117,97,108,32,112,108,97,121,101,114,32,110,97,109,101,115,10,108,111,99,97,108,32,115,112,101,99,112,108,97,121,101,114,100,114,111,112,100,111,119,110,32,61,32,77,97,105,110,58,65,100,100,68,114,111,112,100,111,119,110,40,34,83,101,108,101,99,116,32,80,108,97,121,101,114,34,44,32,102,117,110,99,116,105,111,110,40,110,97,109,101,41,10,9,115,101,108,101,99,116,101,100,80,108,97,121,101,114,78,97,109,101,32,61,32,110,97,109,101,10,9,105,102,32,115,112,101,99,116,97,116,105,110,103,32,116,104,101,110,10,9,9,108,111,99,97,108,32,116,97,114,103,101,116,32,61,32,80,108,97,121,101,114,115,58,70,105,110,100,70,105,114,115,116,67,104,105,108,100,40,110,97,109,101,41,10,9,9,105,102,32,116,97,114,103,101,116,32,97,110,100,32,116,97,114,103,101,116,46,67,104,97,114,97,99,116,101,114,32,97,110,100,32,116,97,114,103,101,116,46,67,104,97,114,97,99,116,101,114,58,70,105,110,100,70,105,114,115,116,67,104,105,108,100,40,34,72,117,109,97,110,111,105,100,82,111,111,116,80,97,114,116,34,41,32,116,104,101,110,10,9,9,9,119,111,114,107,115,112,97,99,101,46,67,117,114,114,101,110,116,67,97,109,101,114,97,46,67,97,109,101,114,97,83,117,98,106,101,99,116,32,61,32,116,97,114,103,101,116,46,67,104,97,114,97,99,116,101,114,46,72,117,109,97,110,111,105,100,82,111,111,116,80,97,114,116,10,9,9,101,110,100,10,9,101,110,100,10,101,110,100,41,10,10,45,45,32,80,111,112,117,108,97,116,101,32,116,104,101,32,100,114,111,112,100,111,119,110,32,119,105,116,104,32,99,117,114,114,101,110,116,32,112,108,97,121,101,114,115,10,102,111,114,32,95,44,32,112,108,97,121,101,114,32,105,110,32,105,112,97,105,114,115,40,80,108,97,121,101,114,115,58,71,101,116,80,108,97,121,101,114,115,40,41,41,32,100,111,10,9,105,102,32,112,108,97,121,101,114,32,126,61,32,76,111,99,97,108,80,108,97,121,101,114,32,116,104,101,110,10,9,9,115,112,101,99,112,108,97,121,101,114,100,114,111,112,100,111,119,110,58,65,100,100,40,112,108,97,121,101,114,46,78,97,109,101,41,10,9,101,110,100,10,101,110,100,10,10,45,45,32,85,112,100,97,116,101,32,116,104,101,32,100,114,111,112,100,111,119,110,32,119,104,101,110,32,112,108,97,121,101,114,115,32,106,111,105,110,47,108,101,97,118,101,10,80,108,97,121,101,114,115,46,80,108,97,121,101,114,65,100,100,101,100,58,67,111,110,110,101,99,116,40,102,117,110,99,116,105,111,110,40,112,108,97,121,101,114,41,10,9,105,102,32,112,108,97,121,101,114,32,126,61,32,76,111,99,97,108,80,108,97,121,101,114,32,116,104,101,110,10,9,9,115,112,101,99,112,108,97,121,101,114,100,114,111,112,100,111,119,110,58,65,100,100,40,112,108,97,121,101,114,46,78,97,109,101,41,10,9,101,110,100,10,101,110,100,41,10,10,80,108,97,121,101,114,115,46,80,108,97,121,101,114,82,101,109,111,118,105,110,103,58,67,111,110,110,101,99,116,40,102,117,110,99,116,105,111,110,40,112,108,97,121,101,114,41,10,9,105,102,32,112,108,97,121,101,114,32,126,61,32,76,111,99,97,108,80,108,97,121,101,114,32,116,104,101,110,10,9,9,115,112,101,99,112,108,97,121,101,114,100,114,111,112,100,111,119,110,58,82,101,109,111,118,101,40,112,108,97,121,101,114,46,78,97,109,101,41,10,9,101,110,100,10,101,110,100,41,10,10,45,45,32,83,119,105,116,99,104,32,116,111,32,115,112,101,99,116,97,116,101,10,108,111,99,97,108,32,115,112,101,99,112,108,97,121,101,114,115,119,105,116,99,104,32,61,32,77,97,105,110,58,65,100,100,83,119,105,116,99,104,40,34,83,112,101,99,116,97,116,101,32,80,108,97,121,101,114,34,44,32,102,117,110,99,116,105,111,110,40,98,111,111,108,41,10,9,115,112,101,99,116,97,116,105,110,103,32,61,32,98,111,111,108,10,9,105,102,32,115,112,101,99,116,97,116,105,110,103,32,97,110,100,32,115,101,108,101,99,116,101,100,80,108,97,121,101,114,78,97,109,101,32,116,104,101,110,10,9,9,108,111,99,97,108,32,116,97,114,103,101,116,32,61,32,80,108,97,121,101,114,115,58,70,105,110,100,70,105,114,115,116,67,104,105,108,100,40,115,101,108,101,99,116,101,100,80,108,97,121,101,114,78,97,109,101,41,10,9,9,105,102,32,116,97,114,103,101,116,32,97,110,100,32,116,97,114,103,101,116,46,67,104,97,114,97,99,116,101,114,32,97,110,100,32,116,97,114,103,101,116,46,67,104,97,114,97,99,116,101,114,58,70,105,110,100,70,105,114,115,116,67,104,105,108,100,40,34,72,117,109,97,110,111,105,100,82,111,111,116,80,97,114,116,34,41,32,116,104,101,110,10,9,9,9,119,111,114,107,115,112,97,99,101,46,67,117,114,114,101,110,116,67,97,109,101,114,97,46,67,97,109,101,114,97,83,117,98,106,101,99,116,32,61,32,116,97,114,103,101,116,46,67,104,97,114,97,99,116,101,114,46,72,117,109,97,110,111,105,100,82,111,111,116,80,97,114,116,10,9,9,101,110,100,10,9,101,108,115,101,10,9,9,105,102,32,76,111,99,97,108,80,108,97,121,101,114,32,97,110,100,32,76,111,99,97,108,80,108,97,121,101,114,46,67,104,97,114,97,99,116,101,114,32,97,110,100,32,76,111,99,97,108,80,108,97,121,101,114,46,67,104,97,114,97,99,116,101,114,58,70,105,110,100,70,105,114,115,116,67,104,105,108,100,40,34,72,117,109,97,110,111,105,100,34,41,32,116,104,101,110,10,9,9,9,119,111,114,107,115,112,97,99,101,46,67,117,114,114,101,110,116,67,97,109,101,114,97,46,67,97,109,101,114,97,83,117,98,106,101,99,116,32,61,32,76,111,99,97,108,80,108,97,121,101,114,46,67,104,97,114,97,99,116,101,114,46,72,117,109,97,110,111,105,100,10,9,9,101,110,100,10,9,101,110,100,10,101,110,100,41,10,115,112,101,99,112,108,97,121,101,114,115,119,105,116,99,104,58,83,101,116,40,102,97,108,115,101,41,10,10,77,97,105,110,58,65,100,100,76,97,98,101,108,40,34,45,45,45,45,45,45,45,45,45,45,45,45,45,45,45,45,45,45,45,45,45,45,45,45,45,45,45,45,45,45,45,45,45,45,45,45,45,45,45,45,45,45,45,45,45,45,45,45,45,45,45,45,45,45,45,45,45,45,45,45,45,45,45,45,45,45,45,45,45,45,45,45,45,45,45,45,45,45,45,45,45,45,45,45,45,45,45,45,45,45,45,45,45,45,45,45,45,34,41,10,10,77,97,105,110,58,65,100,100,76,97,98,101,108,40,34,65,117,116,111,32,66,111,117,110,116,121,34,41,10,10,108,111,99,97,108,32,102,105,110,100,112,108,97,121,101,114,100,114,111,112,100,111,119,110,32,61,32,77,97,105,110,58,65,100,100,68,114,111,112,100,111,119,110,40,34,83,101,108,101,99,116,32,80,108,97,121,101,114,34,44,32,102,117,110,99,116,105,111,110,40,116,101,120,116,41,10,9,105,102,32,116,101,120,116,32,61,61,32,34,77,97,114,115,34,32,116,104,101,110,32,32,45,45,32,67,111,100,101,10,9,9,112,114,105,110,116,40,34,111,34,41,10,9,101,108,115,101,105,102,32,116,101,120,116,32,61,61,32,34,69,97,114,116,104,34,32,116,104,101,110,10,9,112,114,105,110,116,40,34,107,34,41,10,9,101,108,115,101,105,102,32,116,101,120,116,32,61,61,32,34,73,114,105,100,111,99,121,99,108,105,116,105,115,34,32,116,104,101,110,10,9,112,114,105,110,116,40,34,87,101,101,101,101,101,34,41,10,9,101,110,100,10,101,110,100,41,10,108,111,99,97,108,32,109,97,114,115,32,61,32,102,105,110,100,112,108,97,121,101,114,100,114,111,112,100,111,119,110,58,65,100,100,40,34,77,97,114,115,34,41,32,32,45,45,32,79,112,116,105,111,110,115,32,10,108,111,99,97,108,32,101,97,114,116,104,32,61,32,102,105,110,100,112,108,97,121,101,114,100,114,111,112,100,111,119,110,58,65,100,100,40,34,69,97,114,116,104,34,41,10,108,111,99,97,108,32,110,111,116,95,97,95,112,108,97,110,101,116,32,61,32,102,105,110,100,112,108,97,121,101,114,100,114,111,112,100,111,119,110,58,65,100,100,40,34,73,114,105,100,111,99,121,99,108,105,116,105,115,34,41,10,10,108,111,99,97,108,32,103,111,116,111,112,108,97,121,101,114,115,119,105,116,99,104,32,61,32,77,97,105,110,58,65,100,100,83,119,105,116,99,104,40,34,71,111,32,116,111,32,80,108,97,121,101,114,34,44,32,102,117,110,99,116,105,111,110,40,98,111,111,108,41,10,32,32,10,101,110,100,41,10,103,111,116,111,112,108,97,121,101,114,115,119,105,116,99,104,58,83,101,116,40,102,97,108,115,101,41,10,10,108,111,99,97,108,32,114,101,103,117,108,97,114,100,97,109,97,103,101,112,108,97,121,101,114,115,119,105,116,99,104,32,61,32,77,97,105,110,58,65,100,100,83,119,105,116,99,104,40,34,82,101,103,117,108,97,114,32,68,97,109,97,103,101,115,32,80,108,97,121,101,114,34,44,32,102,117,110,99,116,105,111,110,40,98,111,111,108,41,10,32,32,10,101,110,100,41,10,114,101,103,117,108,97,114,100,97,109,97,103,101,112,108,97,121,101,114,115,119,105,116,99,104,58,83,101,116,40,102,97,108,115,101,41,10,10,108,111,99,97,108,32,102,97,115,116,100,97,109,97,103,101,112,108,97,121,101,114,115,119,105,116,99,104,32,61,32,77,97,105,110,58,65,100,100,83,119,105,116,99,104,40,34,70,97,115,116,32,68,97,109,97,103,101,115,32,80,108,97,121,101,114,34,44,32,102,117,110,99,116,105,111,110,40,98,111,111,108,41,10,32,32,10,101,110,100,41,10,102,97,115,116,100,97,109,97,103,101,112,108,97,121,101,114,115,119,105,116,99,104,58,83,101,116,40,102,97,108,115,101,41,10,10,77,97,105,110,58,65,100,100,76,97,98,101,108,40,34,45,45,45,45,45,45,45,45,45,45,45,45,45,45,45,45,45,45,45,45,45,45,45,45,45,45,45,45,45,45,45,45,45,45,45,45,45,45,45,45,45,45,45,45,45,45,45,45,45,45,45,45,45,45,45,45,45,45,45,45,45,45,45,45,45,45,45,45,45,45,45,45,45,45,45,45,45,45,45,45,45,45,45,45,45,45,45,45,45,45,45,45,45,45,45,45,45,34,41,10,10,70,97,114,109,58,65,100,100,76,97,98,101,108,40,34,65,117,116,111,32,70,97,114,109,34,41,10,10,108,111,99,97,108,32,116,97,107,101,113,117,101,115,116,115,119,105,116,99,104,32,61,32,70,97,114,109,58,65,100,100,83,119,105,116,99,104,40,34,65,117,116,111,32,84,97,107,101,32,81,117,101,115,116,34,44,32,102,117,110,99,116,105,111,110,40,98,111,111,108,41,10,32,32,10,101,110,100,41,10,116,97,107,101,113,117,101,115,116,115,119,105,116,99,104,58,83,101,116,40,102,97,108,115,101,41,10,10,108,111,99,97,108,32,97,117,116,111,102,97,114,109,121,101,115,119,105,116,99,104,32,61,32,70,97,114,109,58,65,100,100,83,119,105,116,99,104,40,34,65,117,116,111,32,70,97,114,109,32,40,79,110,108,121,32,87,111,114,107,115,32,119,104,101,110,32,65,117,116,111,32,84,97,107,101,32,81,117,101,115,116,32,105,115,32,101,110,97,98,108,101,100,41,34,44,32,102,117,110,99,116,105,111,110,40,98,111,111,108,41,10,32,32,10,101,110,100,41,10,97,117,116,111,102,97,114,109,121,101,115,119,105,116,99,104,58,83,101,116,40,102,97,108,115,101,41,10,10,108,111,99,97,108,32,97,117,116,111,102,97,114,109,110,111,115,119,105,116,99,104,32,61,32,70,97,114,109,58,65,100,100,83,119,105,116,99,104,40,34,65,117,116,111,32,70,97,114,109,32,40,78,111,32,81,117,101,115,116,41,34,44,32,102,117,110,99,116,105,111,110,40,98,111,111,108,41,10,32,32,10,101,110,100,41,10,97,117,116,111,102,97,114,109,110,111,115,119,105,116,99,104,58,83,101,116,40,102,97,108,115,101,41,10,10,70,97,114,109,58,65,100,100,76,97,98,101,108,40,34,45,45,45,45,45,45,45,45,45,45,45,45,45,45,45,45,45,45,45,45,45,45,45,45,45,45,45,45,45,45,45,45,45,45,45,45,45,45,45,45,45,45,45,45,45,45,45,45,45,45,45,45,45,45,45,45,45,45,45,45,45,45,45,45,45,45,45,45,45,45,45,45,45,45,45,45,45,45,45,45,45,45,45,45,45,45,45,45,45,45,45,45,45,45,45,45,45,34,41,10,10,70,97,114,109,58,65,100,100,76,97,98,101,108,40,34,65,117,116,111,32,70,97,114,109,32,77,97,115,116,101,114,121,34,41,10,10,108,111,99,97,108,32,102,97,114,109,109,97,115,116,101,114,121,100,114,111,112,100,111,119,110,32,61,32,70,97,114,109,58,65,100,100,68,114,111,112,100,111,119,110,40,34,67,104,111,111,115,101,32,87,104,97,116,32,116,111,32,70,97,114,109,34,44,32,102,117,110,99,116,105,111,110,40,116,101,120,116,41,10,9,105,102,32,116,101,120,116,32,61,61,32,34,77,97,114,115,34,32,116,104,101,110,32,32,45,45,32,67,111,100,101,10,9,9,112,114,105,110,116,40,34,111,34,41,10,9,101,108,115,101,105,102,32,116,101,120,116,32,61,61,32,34,69,97,114,116,104,34,32,116,104,101,110,10,9,112,114,105,110,116,40,34,107,34,41,10,9,101,108,115,101,105,102,32,116,101,120,116,32,61,61,32,34,73,114,105,100,111,99,121,99,108,105,116,105,115,34,32,116,104,101,110,10,9,112,114,105,110,116,40,34,87,101,101,101,101,101,34,41,10,9,101,110,100,10,101,110,100,41,10,108,111,99,97,108,32,109,101,108,101,101,32,61,32,102,97,114,109,109,97,115,116,101,114,121,100,114,111,112,100,111,119,110,58,65,100,100,40,34,77,101,108,101,101,34,41,32,32,45,45,32,79,112,116,105,111,110,115,32,10,108,111,99,97,108,32,115,119,111,114,100,32,61,32,102,97,114,109,109,97,115,116,101,114,121,100,114,111,112,100,111,119,110,58,65,100,100,40,34,83,119,111,114,100,34,41,10,108,111,99,97,108,32,103,117,110,32,61,32,102,97,114,109,109,97,115,116,101,114,121,100,114,111,112,100,111,119,110,58,65,100,100,40,34,71,117,110,34,41,10,108,111,99,97,108,32,98,108,111,120,102,114,117,105,116,115,32,61,32,102,97,114,109,109,97,115,116,101,114,121,100,114,111,112,100,111,119,110,58,65,100,100,40,34,66,108,111,120,32,70,114,117,105,116,115,34,41,10,10,108,111,99,97,108,32,109,111,118,101,115,101,116,100,114,111,112,100,111,119,110,32,61,32,70,97,114,109,58,65,100,100,68,114,111,112,100,111,119,110,40,34,87,104,97,116,32,109,111,118,101,115,32,116,111,32,117,115,101,34,44,32,102,117,110,99,116,105,111,110,40,116,101,120,116,41,10,9,105,102,32,116,101,120,116,32,61,61,32,34,77,97,114,115,34,32,116,104,101,110,32,32,45,45,32,67,111,100,101,10,9,9,112,114,105,110,116,40,34,111,34,41,10,9,101,108,115,101,105,102,32,116,101,120,116,32,61,61,32,34,69,97,114,116,104,34,32,116,104,101,110,10,9,112,114,105,110,116,40,34,107,34,41,10,9,101,108,115,101,105,102,32,116,101,120,116,32,61,61,32,34,73,114,105,100,111,99,121,99,108,105,116,105,115,34,32,116,104,101,110,10,9,112,114,105,110,116,40,34,87,101,101,101,101,101,34,41,10,9,101,110,100,10,101,110,100,41,10,108,111,99,97,108,32,122,32,61,32,109,111,118,101,115,101,116,100,114,111,112,100,111,119,110,58,65,100,100,40,34,90,34,41,32,32,45,45,32,79,112,116,105,111,110,115,32,10,108,111,99,97,108,32,120,32,61,32,109,111,118,101,115,101,116,100,114,111,112,100,111,119,110,58,65,100,100,40,34,88,34,41,10,108,111,99,97,108,32,99,32,61,32,109,111,118,101,115,101,116,100,114,111,112,100,111,119,110,58,65,100,100,40,34,67,34,41,10,108,111,99,97,108,32,118,32,61,32,109,111,118,101,115,101,116,100,114,111,112,100,111,119,110,58,65,100,100,40,34,86,34,41,10,108,111,99,97,108,32,102,32,61,32,109,111,118,101,115,101,116,100,114,111,112,100,111,119,110,58,65,100,100,40,34,70,34,41,10,10,108,111,99,97,108,32,102,97,114,109,109,97,115,116,101,114,121,115,119,105,116,99,104,32,61,32,70,97,114,109,58,65,100,100,83,119,105,116,99,104,40,34,70,97,114,109,32,77,97,115,116,101,114,121,32,40,70,97,114,109,115,32,97,116,32,116,104,101,32,98,101,115,116,32,112,108,97,99,101,32,105,110,32,99,117,114,114,101,110,116,32,83,101,97,41,34,44,32,102,117,110,99,116,105,111,110,40,98,111,111,108,41,10,32,32,10,101,110,100,41,10,102,97,114,109,109,97,115,116,101,114,121,115,119,105,116,99,104,58,83,101,116,40,102,97,108,115,101,41,10,10,108,111,99,97,108,32,102,97,114,109,110,101,97,114,101,115,116,115,119,105,116,99,104,32,61,32,70,97,114,109,58,65,100,100,83,119,105,116,99,104,40,34,70,97,114,109,32,78,101,97,114,101,115,116,34,44,32,102,117,110,99,116,105,111,110,40,98,111,111,108,41,10,32,32,10,101,110,100,41,10,102,97,114,109,110,101,97,114,101,115,116,115,119,105,116,99,104,58,83,101,116,40,102,97,108,115,101,41,10,10,70,97,114,109,58,65,100,100,76,97,98,101,108,40,34,45,45,45,45,45,45,45,45,45,45,45,45,45,45,45,45,45,45,45,45,45,45,45,45,45,45,45,45,45,45,45,45,45,45,45,45,45,45,45,45,45,45,45,45,45,45,45,45,45,45,45,45,45,45,45,45,45,45,45,45,45,45,45,45,45,45,45,45,45,45,45,45,45,45,45,45,45,45,45,45,45,45,45,45,45,45,45,45,45,45,45,45,45,45,45,45,45,34,41,10,10,70,97,114,109,58,65,100,100,76,97,98,101,108,40,34,65,117,116,111,32,82,97,105,100,115,32,40,83,101,99,111,110,100,32,38,32,84,104,105,114,100,32,83,101,97,32,79,110,108,121,33,41,34,41,10,10,108,111,99,97,108,32,114,97,105,100,99,104,105,112,115,100,114,111,112,100,111,119,110,32,61,32,70,97,114,109,58,65,100,100,68,114,111,112,100,111,119,110,40,34,67,104,111,111,115,101,32,82,97,105,100,32,67,104,105,112,34,44,32,102,117,110,99,116,105,111,110,40,116,101,120,116,41,10,9,105,102,32,116,101,120,116,32,61,61,32,34,77,97,114,115,34,32,116,104,101,110,32,32,45,45,32,67,111,100,101,10,9,9,112,114,105,110,116,40,34,111,34,41,10,9,101,108,115,101,105,102,32,116,101,120,116,32,61,61,32,34,69,97,114,116,104,34,32,116,104,101,110,10,9,112,114,105,110,116,40,34,107,34,41,10,9,101,108,115,101,105,102,32,116,101,120,116,32,61,61,32,34,73,114,105,100,111,99,121,99,108,105,116,105,115,34,32,116,104,101,110,10,9,112,114,105,110,116,40,34,87,101,101,101,101,101,34,41,10,9,101,110,100,10,101,110,100,41,10,108,111,99,97,108,32,102,108,97,109,101,32,61,32,114,97,105,100,99,104,105,112,115,100,114,111,112,100,111,119,110,58,65,100,100,40,34,70,108,97,109,101,34,41,32,32,45,45,32,79,112,116,105,111,110,115,32,10,108,111,99,97,108,32,105,99,101,32,61,32,114,97,105,100,99,104,105,112,115,100,114,111,112,100,111,119,110,58,65,100,100,40,34,73,99,101,34,41,10,108,111,99,97,108,32,115,97,110,100,32,61,32,114,97,105,100,99,104,105,112,115,100,114,111,112,100,111,119,110,58,65,100,100,40,34,83,97,110,100,34,41,10,108,111,99,97,108,32,100,97,114,107,32,61,32,114,97,105,100,99,104,105,112,115,100,114,111,112,100,111,119,110,58,65,100,100,40,34,68,97,114,107,34,41,10,108,111,99,97,108,32,108,105,103,104,116,32,61,32,114,97,105,100,99,104,105,112,115,100,114,111,112,100,111,119,110,58,65,100,100,40,34,76,105,103,104,116,34,41,10,108,111,99,97,108,32,109,97,103,109,97,32,61,32,114,97,105,100,99,104,105,112,115,100,114,111,112,100,111,119,110,58,65,100,100,40,34,77,97,103,109,97,34,41,10,108,111,99,97,108,32,113,117,97,107,101,32,61,32,114,97,105,100,99,104,105,112,115,100,114,111,112,100,111,119,110,58,65,100,100,40,34,81,117,97,107,101,34,41,10,108,111,99,97,108,32,98,117,100,100,104,97,32,61,32,114,97,105,100,99,104,105,112,115,100,114,111,112,100,111,119,110,58,65,100,100,40,34,66,117,100,100,104,97,34,41,10,108,111,99,97,108,32,115,112,105,100,101,114,32,61,32,114,97,105,100,99,104,105,112,115,100,114,111,112,100,111,119,110,58,65,100,100,40,34,83,112,105,100,101,114,34,41,10,108,111,99,97,108,32,114,117,109,98,108,101,32,61,32,114,97,105,100,99,104,105,112,115,100,114,111,112,100,111,119,110,58,65,100,100,40,34,82,117,109,98,108,101,34,41,10,108,111,99,97,108,32,112,104,111,101,110,105,120,32,61,32,114,97,105,100,99,104,105,112,115,100,114,111,112,100,111,119,110,58,65,100,100,40,34,80,104,111,101,110,105,120,34,41,10,108,111,99,97,108,32,100,111,117,103,104,32,61,32,114,97,105,100,99,104,105,112,115,100,114,111,112,100,111,119,110,58,65,100,100,40,34,68,111,117,103,104,34,41,10,10,108,111,99,97,108,32,98,117,121,99,104,105,112,115,119,105,116,99,104,32,61,32,70,97,114,109,58,65,100,100,83,119,105,116,99,104,40,34,66,117,121,32,82,97,105,100,32,67,104,105,112,34,44,32,102,117,110,99,116,105,111,110,40,98,111,111,108,41,10,32,32,10,101,110,100,41,10,98,117,121,99,104,105,112,115,119,105,116,99,104,58,83,101,116,40,102,97,108,115,101,41,10,10,108,111,99,97,108,32,97,117,116,111,98,117,121,99,104,105,112,115,119,105,116,99,104,32,61,32,70,97,114,109,58,65,100,100,83,119,105,116,99,104,40,34,65,117,116,111,32,66,117,121,32,67,104,105,112,34,44,32,102,117,110,99,116,105,111,110,40,98,111,111,108,41,10,32,32,10,101,110,100,41,10,97,117,116,111,98,117,121,99,104,105,112,115,119,105,116,99,104,58,83,101,116,40,102,97,108,115,101,41,10,10,108,111,99,97,108,32,97,117,116,111,102,97,114,109,114,97,105,100,115,119,105,116,99,104,32,61,32,70,97,114,109,58,65,100,100,83,119,105,116,99,104,40,34,65,117,116,111,32,70,97,114,109,32,82,97,105,100,34,44,32,102,117,110,99,116,105,111,110,40,98,111,111,108,41,10,32,32,10,101,110,100,41,10,97,117,116,111,102,97,114,109,114,97,105,100,115,119,105,116,99,104,58,83,101,116,40,102,97,108,115,101,41,10,10,108,111,99,97,108,32,84,119,101,101,110,83,101,114,118,105,99,101,32,61,32,103,97,109,101,58,71,101,116,83,101,114,118,105,99,101,40,34,84,119,101,101,110,83,101,114,118,105,99,101,34,41,10,108,111,99,97,108,32,80,108,97,121,101,114,115,32,61,32,103,97,109,101,58,71,101,116,83,101,114,118,105,99,101,40,34,80,108,97,121,101,114,115,34,41,10,10,108,111,99,97,108,32,112,108,97,121,101,114,32,61,32,80,108,97,121,101,114,115,46,76,111,99,97,108,80,108,97,121,101,114,10,108,111,99,97,108,32,104,114,112,32,61,32,112,108,97,121,101,114,46,67,104,97,114,97,99,116,101,114,32,97,110,100,32,112,108,97,121,101,114,46,67,104,97,114,97,99,116,101,114,58,87,97,105,116,70,111,114,67,104,105,108,100,40,34,72,117,109,97,110,111,105,100,82,111,111,116,80,97,114,116,34,41,10,10,108,111,99,97,108,32,102,117,110,99,116,105,111,110,32,116,119,101,101,110,84,111,40,100,101,115,116,105,110,97,116,105,111,110,41,10,9,105,102,32,110,111,116,32,104,114,112,32,116,104,101,110,32,114,101,116,117,114,110,32,101,110,100,10,9,108,111,99,97,108,32,100,105,115,116,97,110,99,101,32,61,32,40,104,114,112,46,80,111,115,105,116,105,111,110,32,45,32,100,101,115,116,105,110,97,116,105,111,110,41,46,77,97,103,110,105,116,117,100,101,10,9,108,111,99,97,108,32,116,119,101,101,110,73,110,102,111,32,61,32,84,119,101,101,110,73,110,102,111,46,110,101,119,40,100,105,115,116,97,110,99,101,32,47,32,49,48,48,44,32,69,110,117,109,46,69,97,115,105,110,103,83,116,121,108,101,46,76,105,110,101,97,114,41,10,9,108,111,99,97,108,32,116,119,101,101,110,32,61,32,84,119,101,101,110,83,101,114,118,105,99,101,58,67,114,101,97,116,101,40,104,114,112,44,32,116,119,101,101,110,73,110,102,111,44,32,123,67,70,114,97,109,101,32,61,32,67,70,114,97,109,101,46,110,101,119,40,100,101,115,116,105,110,97,116,105,111,110,41,125,41,10,9,116,119,101,101,110,58,80,108,97,121,40,41,10,101,110,100,10,10,84,101,108,101,112,111,114,116,58,65,100,100,76,97,98,101,108,40,34,55356,57098,32,70,105,114,115,116,32,83,101,97,34,41,10,10,84,101,108,101,112,111,114,116,58,65,100,100,83,119,105,116,99,104,40,34,83,116,97,114,116,101,114,32,73,115,108,97,110,100,34,44,32,102,117,110,99,116,105,111,110,40,115,116,97,116,101,41,10,9,105,102,32,115,116,97,116,101,32,116,104,101,110,10,9,9,116,119,101,101,110,84,111,40,86,101,99,116,111,114,51,46,110,101,119,40,48,44,32,49,48,44,32,48,41,41,10,9,101,110,100,10,101,110,100,41,10,10,84,101,108,101,112,111,114,116,58,65,100,100,83,119,105,116,99,104,40,34,74,117,110,103,108,101,34,44,32,102,117,110,99,116,105,111,110,40,115,116,97,116,101,41,10,9,105,102,32,115,116,97,116,101,32,116,104,101,110,10,9,9,116,119,101,101,110,84,111,40,86,101,99,116,111,114,51,46,110,101,119,40,45,49,54,49,48,44,32,49,48,44,32,49,53,48,41,41,10,9,101,110,100,10,101,110,100,41,10,10,84,101,108,101,112,111,114,116,58,65,100,100,83,119,105,116,99,104,40,34,80,105,114,97,116,101,32,86,105,108,108,97,103,101,34,44,32,102,117,110,99,116,105,111,110,40,115,116,97,116,101,41,10,9,105,102,32,115,116,97,116,101,32,116,104,101,110,10,9,9,116,119,101,101,110,84,111,40,86,101,99,116,111,114,51,46,110,101,119,40,45,49,49,48,48,44,32,49,48,44,32,51,57,48,48,41,41,10,9,101,110,100,10,101,110,100,41,10,10,84,101,108,101,112,111,114,116,58,65,100,100,76,97,98,101,108,40,34,55356,57098,32,83,101,99,111,110,100,32,83,101,97,34,41,10,10,84,101,108,101,112,111,114,116,58,65,100,100,83,119,105,116,99,104,40,34,75,105,110,103,100,111,109,32,111,102,32,82,111,115,101,34,44,32,102,117,110,99,116,105,111,110,40,115,116,97,116,101,41,10,9,105,102,32,115,116,97,116,101,32,116,104,101,110,10,9,9,116,119,101,101,110,84,111,40,86,101,99,116,111,114,51,46,110,101,119,40,45,51,57,52,44,32,49,48,44,32,49,49,56,55,41,41,10,9,101,110,100,10,101,110,100,41,10,10,84,101,108,101,112,111,114,116,58,65,100,100,83,119,105,116,99,104,40,34,71,114,101,101,110,32,90,111,110,101,34,44,32,102,117,110,99,116,105,111,110,40,115,116,97,116,101,41,10,9,105,102,32,115,116,97,116,101,32,116,104,101,110,10,9,9,116,119,101,101,110,84,111,40,86,101,99,116,111,114,51,46,110,101,119,40,45,50,50,53,48,44,32,49,48,44,32,45,50,48,48,41,41,10,9,101,110,100,10,101,110,100,41,10,10,84,101,108,101,112,111,114,116,58,65,100,100,76,97,98,101,108,40,34,55356,57098,32,84,104,105,114,100,32,83,101,97,34,41,10,10,84,101,108,101,112,111,114,116,58,65,100,100,83,119,105,116,99,104,40,34,67,97,115,116,108,101,32,111,110,32,116,104,101,32,83,101,97,34,44,32,102,117,110,99,116,105,111,110,40,115,116,97,116,101,41,10,9,105,102,32,115,116,97,116,101,32,116,104,101,110,10,9,9,116,119,101,101,110,84,111,40,86,101,99,116,111,114,51,46,110,101,119,40,45,53,53,48,48,44,32,49,48,44,32,45,53,51,48,48,41,41,10,9,101,110,100,10,101,110,100,41,10,10,84,101,108,101,112,111,114,116,58,65,100,100,83,119,105,116,99,104,40,34,72,97,117,110,116,101,100,32,67,97,115,116,108,101,34,44,32,102,117,110,99,116,105,111,110,40,115,116,97,116,101,41,10,9,105,102,32,115,116,97,116,101,32,116,104,101,110,10,9,9,116,119,101,101,110,84,111,40,86,101,99,116,111,114,51,46,110,101,119,40,45,57,53,48,48,44,32,49,48,44,32,45,55,50,48,48,41,41,10,9,101,110,100,10,101,110,100,41,10,10,69,83,80,58,65,100,100,76,97,98,101,108,40,34,69,83,80,32,84,111,103,103,108,101,115,34,41,10,10,45,45,32,67,114,101,97,116,101,32,69,83,80,32,108,97,98,101,108,32,102,117,110,99,116,105,111,110,10,108,111,99,97,108,32,102,117,110,99,116,105,111,110,32,99,114,101,97,116,101,69,83,80,40,112,97,114,116,44,32,108,97,98,101,108,78,97,109,101,44,32,99,111,108,111,114,41,10,9,105,102,32,110,111,116,32,112,97,114,116,58,70,105,110,100,70,105,114,115,116,67,104,105,108,100,40,34,69,83,80,95,34,32,46,46,32,108,97,98,101,108,78,97,109,101,41,32,116,104,101,110,10,9,9,108,111,99,97,108,32,98,105,108,108,32,61,32,73,110,115,116,97,110,99,101,46,110,101,119,40,34,66,105,108,108,98,111,97,114,100,71,117,105,34,44,32,112,97,114,116,41,10,9,9,98,105,108,108,46,78,97,109,101,32,61,32,34,69,83,80,95,34,32,46,46,32,108,97,98,101,108,78,97,109,101,10,9,9,98,105,108,108,46,83,105,122,101,32,61,32,85,68,105,109,50,46,110,101,119,40,48,44,32,49,48,48,44,32,48,44,32,52,48,41,10,9,9,98,105,108,108,46,65,108,119,97,121,115,79,110,84,111,112,32,61,32,116,114,117,101,10,9,9,98,105,108,108,46,65,100,111,114,110,101,101,32,61,32,112,97,114,116,10,10,9,9,108,111,99,97,108,32,116,101,120,116,32,61,32,73,110,115,116,97,110,99,101,46,110,101,119,40,34,84,101,120,116,76,97,98,101,108,34,44,32,98,105,108,108,41,10,9,9,116,101,120,116,46,83,105,122,101,32,61,32,85,68,105,109,50,46,110,101,119,40,49,44,32,48,44,32,49,44,32,48,41,10,9,9,116,101,120,116,46,84,101,120,116,32,61,32,108,97,98,101,108,78,97,109,101,10,9,9,116,101,120,116,46,84,101,120,116,67,111,108,111,114,51,32,61,32,99,111,108,111,114,10,9,9,116,101,120,116,46,66,97,99,107,103,114,111,117,110,100,84,114,97,110,115,112,97,114,101,110,99,121,32,61,32,49,10,9,9,116,101,120,116,46,84,101,120,116,83,99,97,108,101,100,32,61,32,116,114,117,101,10,9,101,110,100,10,101,110,100,10,10,45,45,32,67,108,101,97,114,32,69,83,80,32,108,97,98,101,108,115,10,108,111,99,97,108,32,102,117,110,99,116,105,111,110,32,99,108,101,97,114,69,83,80,40,108,97,98,101,108,78,97,109,101,41,10,9,102,111,114,32,95,44,32,118,32,105,110,32,112,97,105,114,115,40,119,111,114,107,115,112,97,99,101,58,71,101,116,68,101,115,99,101,110,100,97,110,116,115,40,41,41,32,100,111,10,9,9,105,102,32,118,58,73,115,65,40,34,66,97,115,101,80,97,114,116,34,41,32,97,110,100,32,118,58,70,105,110,100,70,105,114,115,116,67,104,105,108,100,40,34,69,83,80,95,34,32,46,46,32,108,97,98,101,108,78,97,109,101,41,32,116,104,101,110,10,9,9,9,118,58,70,105,110,100,70,105,114,115,116,67,104,105,108,100,40,34,69,83,80,95,34,32,46,46,32,108,97,98,101,108,78,97,109,101,41,58,68,101,115,116,114,111,121,40,41,10,9,9,101,110,100,10,9,101,110,100,10,101,110,100,10,10,45,45,32,69,83,80,32,85,112,100,97,116,101,32,70,117,110,99,116,105,111,110,115,10,108,111,99,97,108,32,102,117,110,99,116,105,111,110,32,117,112,100,97,116,101,73,115,108,97,110,100,69,83,80,40,115,116,97,116,101,41,10,9,105,102,32,115,116,97,116,101,32,116,104,101,110,10,9,9,102,111,114,32,95,44,32,118,32,105,110,32,112,97,105,114,115,40,119,111,114,107,115,112,97,99,101,58,71,101,116,67,104,105,108,100,114,101,110,40,41,41,32,100,111,10,9,9,9,105,102,32,118,58,73,115,65,40,34,77,111,100,101,108,34,41,32,97,110,100,32,118,58,70,105,110,100,70,105,114,115,116,67,104,105,108,100,40,34,83,112,97,119,110,80,111,105,110,116,34,41,32,116,104,101,110,10,9,9,9,9,99,114,101,97,116,101,69,83,80,40,118,46,83,112,97,119,110,80,111,105,110,116,44,32,34,73,115,108,97,110,100,34,44,32,67,111,108,111,114,51,46,102,114,111,109,82,71,66,40,48,44,32,50,48,48,44,32,50,53,53,41,41,10,9,9,9,101,110,100,10,9,9,101,110,100,10,9,101,108,115,101,10,9,9,99,108,101,97,114,69,83,80,40,34,73,115,108,97,110,100,34,41,10,9,101,110,100,10,101,110,100,10,10,108,111,99,97,108,32,102,117,110,99,116,105,111,110,32,117,112,100,97,116,101,70,114,117,105,116,69,83,80,40,115,116,97,116,101,41,10,9,105,102,32,115,116,97,116,101,32,116,104,101,110,10,9,9,102,111,114,32,95,44,32,118,32,105,110,32,112,97,105,114,115,40,119,111,114,107,115,112,97,99,101,58,71,101,116,68,101,115,99,101,110,100,97,110,116,115,40,41,41,32,100,111,10,9,9,9,105,102,32,118,58,73,115,65,40,34,84,111,111,108,34,41,32,97,110,100,32,118,58,70,105,110,100,70,105,114,115,116,67,104,105,108,100,40,34,72,97,110,100,108,101,34,41,32,116,104,101,110,10,9,9,9,9,99,114,101,97,116,101,69,83,80,40,118,46,72,97,110,100,108,101,44,32,34,70,114,117,105,116,34,44,32,67,111,108,111,114,51,46,102,114,111,109,82,71,66,40,50,53,53,44,32,56,53,44,32,48,41,41,10,9,9,9,101,110,100,10,9,9,101,110,100,10,9,101,108,115,101,10,9,9,99,108,101,97,114,69,83,80,40,34,70,114,117,105,116,34,41,10,9,101,110,100,10,101,110,100,10,10,108,111,99,97,108,32,102,117,110,99,116,105,111,110,32,117,112,100,97,116,101,80,108,97,121,101,114,69,83,80,40,115,116,97,116,101,41,10,9,105,102,32,115,116,97,116,101,32,116,104,101,110,10,9,9,102,111,114,32,95,44,32,112,108,114,32,105,110,32,112,97,105,114,115,40,103,97,109,101,46,80,108,97,121,101,114,115,58,71,101,116,80,108,97,121,101,114,115,40,41,41,32,100,111,10,9,9,9,105,102,32,112,108,114,32,126,61,32,103,97,109,101,46,80,108,97,121,101,114,115,46,76,111,99,97,108,80,108,97,121,101,114,32,97,110,100,32,112,108,114,46,67,104,97,114,97,99,116,101,114,32,97,110,100,32,112,108,114,46,67,104,97,114,97,99,116,101,114,58,70,105,110,100,70,105,114,115,116,67,104,105,108,100,40,34,72,117,109,97,110,111,105,100,82,111,111,116,80,97,114,116,34,41,32,116,104,101,110,10,9,9,9,9,99,114,101,97,116,101,69,83,80,40,112,108,114,46,67,104,97,114,97,99,116,101,114,46,72,117,109,97,110,111,105,100,82,111,111,116,80,97,114,116,44,32,34,80,108,97,121,101,114,34,44,32,67,111,108,111,114,51,46,102,114,111,109,82,71,66,40,50,53,53,44,32,50,53,53,44,32,50,53,53,41,41,10,9,9,9,101,110,100,10,9,9,101,110,100,10,9,101,108,115,101,10,9,9,99,108,101,97,114,69,83,80,40,34,80,108,97,121,101,114,34,41,10,9,101,110,100,10,101,110,100,10,10,108,111,99,97,108,32,102,117,110,99,116,105,111,110,32,117,112,100,97,116,101,66,111,115,115,69,83,80,40,115,116,97,116,101,41,10,9,105,102,32,115,116,97,116,101,32,116,104,101,110,10,9,9,102,111,114,32,95,44,32,110,112,99,32,105,110,32,112,97,105,114,115,40,119,111,114,107,115,112,97,99,101,58,71,101,116,68,101,115,99,101,110,100,97,110,116,115,40,41,41,32,100,111,10,9,9,9,105,102,32,110,112,99,58,73,115,65,40,34,77,111,100,101,108,34,41,32,97,110,100,32,110,112,99,58,70,105,110,100,70,105,114,115,116,67,104,105,108,100,40,34,72,117,109,97,110,111,105,100,34,41,32,97,110,100,32,110,112,99,58,70,105,110,100,70,105,114,115,116,67,104,105,108,100,40,34,72,117,109,97,110,111,105,100,82,111,111,116,80,97,114,116,34,41,32,97,110,100,32,115,116,114,105,110,103,46,102,105,110,100,40,110,112,99,46,78,97,109,101,44,32,34,66,111,115,115,34,41,32,116,104,101,110,10,9,9,9,9,99,114,101,97,116,101,69,83,80,40,110,112,99,46,72,117,109,97,110,111,105,100,82,111,111,116,80,97,114,116,44,32,34,66,111,115,115,34,44,32,67,111,108,111,114,51,46,102,114,111,109,82,71,66,40,50,53,53,44,32,48,44,32,48,41,41,10,9,9,9,101,110,100,10,9,9,101,110,100,10,9,101,108,115,101,10,9,9,99,108,101,97,114,69,83,80,40,34,66,111,115,115,34,41,10,9,101,110,100,10,101,110,100,10,10,108,111,99,97,108,32,102,117,110,99,116,105,111,110,32,117,112,100,97,116,101,78,80,67,69,83,80,40,115,116,97,116,101,41,10,9,105,102,32,115,116,97,116,101,32,116,104,101,110,10,9,9,102,111,114,32,95,44,32,110,112,99,32,105,110,32,112,97,105,114,115,40,119,111,114,107,115,112,97,99,101,58,71,101,116,68,101,115,99,101,110,100,97,110,116,115,40,41,41,32,100,111,10,9,9,9,105,102,32,110,112,99,58,73,115,65,40,34,77,111,100,101,108,34,41,32,97,110,100,32,110,112,99,58,70,105,110,100,70,105,114,115,116,67,104,105,108,100,40,34,72,117,109,97,110,111,105,100,34,41,32,97,110,100,32,110,112,99,58,70,105,110,100,70,105,114,115,116,67,104,105,108,100,40,34,72,117,109,97,110,111,105,100,82,111,111,116,80,97,114,116,34,41,32,97,110,100,32,110,111,116,32,115,116,114,105,110,103,46,102,105,110,100,40,110,112,99,46,78,97,109,101,44,32,34,66,111,115,115,34,41,32,116,104,101,110,10,9,9,9,9,99,114,101,97,116,101,69,83,80,40,110,112,99,46,72,117,109,97,110,111,105,100,82,111,111,116,80,97,114,116,44,32,34,78,80,67,34,44,32,67,111,108,111,114,51,46,102,114,111,109,82,71,66,40,50,53,53,44,32,50,53,53,44,32,48,41,41,10,9,9,9,101,110,100,10,9,9,101,110,100,10,9,101,108,115,101,10,9,9,99,108,101,97,114,69,83,80,40,34,78,80,67,34,41,10,9,101,110,100,10,101,110,100,10,10,108,111,99,97,108,32,102,117,110,99,116,105,111,110,32,117,112,100,97,116,101,67,104,101,115,116,69,83,80,40,115,116,97,116,101,41,10,9,105,102,32,115,116,97,116,101,32,116,104,101,110,10,9,9,102,111,114,32,95,44,32,118,32,105,110,32,112,97,105,114,115,40,119,111,114,107,115,112,97,99,101,58,71,101,116,68,101,115,99,101,110,100,97,110,116,115,40,41,41,32,100,111,10,9,9,9,105,102,32,118,58,73,115,65,40,34,77,101,115,104,80,97,114,116,34,41,32,97,110,100,32,118,46,78,97,109,101,58,108,111,119,101,114,40,41,58,102,105,110,100,40,34,99,104,101,115,116,34,41,32,116,104,101,110,10,9,9,9,9,99,114,101,97,116,101,69,83,80,40,118,44,32,34,67,104,101,115,116,34,44,32,67,111,108,111,114,51,46,102,114,111,109,82,71,66,40,48,44,32,50,53,53,44,32,48,41,41,10,9,9,9,101,110,100,10,9,9,101,110,100,10,9,101,108,115,101,10,9,9,99,108,101,97,114,69,83,80,40,34,67,104,101,115,116,34,41,10,9,101,110,100,10,101,110,100,10,10,45,45,32,69,83,80,32,83,119,105,116,99,104,101,115,10,69,83,80,58,65,100,100,83,119,105,116,99,104,40,34,73,115,108,97,110,100,115,32,69,83,80,34,44,32,102,117,110,99,116,105,111,110,40,115,116,97,116,101,41,32,117,112,100,97,116,101,73,115,108,97,110,100,69,83,80,40,115,116,97,116,101,41,32,101,110,100,41,10,69,83,80,58,65,100,100,83,119,105,116,99,104,40,34,70,114,117,105,116,115,32,69,83,80,34,44,32,102,117,110,99,116,105,111,110,40,115,116,97,116,101,41,32,117,112,100,97,116,101,70,114,117,105,116,69,83,80,40,115,116,97,116,101,41,32,101,110,100,41,10,69,83,80,58,65,100,100,83,119,105,116,99,104,40,34,80,108,97,121,101,114,115,32,69,83,80,34,44,32,102,117,110,99,116,105,111,110,40,115,116,97,116,101,41,32,117,112,100,97,116,101,80,108,97,121,101,114,69,83,80,40,115,116,97,116,101,41,32,101,110,100,41,10,69,83,80,58,65,100,100,83,119,105,116,99,104,40,34,66,111,115,115,101,115,32,69,83,80,34,44,32,102,117,110,99,116,105,111,110,40,115,116,97,116,101,41,32,117,112,100,97,116,101,66,111,115,115,69,83,80,40,115,116,97,116,101,41,32,101,110,100,41,10,69,83,80,58,65,100,100,83,119,105,116,99,104,40,34,78,80,67,115,32,69,83,80,34,44,32,102,117,110,99,116,105,111,110,40,115,116,97,116,101,41,32,117,112,100,97,116,101,78,80,67,69,83,80,40,115,116,97,116,101,41,32,101,110,100,41,10,69,83,80,58,65,100,100,83,119,105,116,99,104,40,34,67,104,101,115,116,115,32,69,83,80,34,44,32,102,117,110,99,116,105,111,110,40,115,116,97,116,101,41,32,117,112,100,97,116,101,67,104,101,115,116,69,83,80,40,115,116,97,116,101,41,32,101,110,100,41,10,10,45,45,32,71,97,109,101,112,108,97,121,32,69,110,104,97,110,99,101,114,115,10,77,105,115,99,58,65,100,100,76,97,98,101,108,40,34,71,97,109,101,112,108,97,121,32,69,110,104,97,110,99,101,114,115,34,41,10,10,77,105,115,99,58,65,100,100,66,117,116,116,111,110,40,34,84,101,108,101,112,111,114,116,32,116,111,32,82,97,110,100,111,109,32,83,101,97,32,66,101,97,115,116,34,44,32,102,117,110,99,116,105,111,110,40,41,10,32,32,32,32,108,111,99,97,108,32,98,101,97,115,116,115,32,61,32,123,125,10,32,32,32,32,102,111,114,32,95,44,32,118,32,105,110,32,112,97,105,114,115,40,119,111,114,107,115,112,97,99,101,58,71,101,116,68,101,115,99,101,110,100,97,110,116,115,40,41,41,32,100,111,10,32,32,32,32,32,32,32,32,105,102,32,118,58,73,115,65,40,34,77,111,100,101,108,34,41,32,97,110,100,32,118,46,78,97,109,101,58,108,111,119,101,114,40,41,58,102,105,110,100,40,34,115,101,97,32,98,101,97,115,116,34,41,32,116,104,101,110,10,32,32,32,32,32,32,32,32,32,32,32,32,116,97,98,108,101,46,105,110,115,101,114,116,40,98,101,97,115,116,115,44,32,118,41,10,32,32,32,32,32,32,32,32,101,110,100,10,32,32,32,32,101,110,100,10,32,32,32,32,105,102,32,35,98,101,97,115,116,115,32,62,32,48,32,116,104,101,110,10,32,32,32,32,32,32,32,32,108,111,99,97,108,32,99,104,111,115,101,110,32,61,32,98,101,97,115,116,115,91,109,97,116,104,46,114,97,110,100,111,109,40,49,44,32,35,98,101,97,115,116,115,41,93,10,32,32,32,32,32,32,32,32,103,97,109,101,46,80,108,97,121,101,114,115,46,76,111,99,97,108,80,108,97,121,101,114,46,67,104,97,114,97,99,116,101,114,46,72,117,109,97,110,111,105,100,82,111,111,116,80,97,114,116,46,67,70,114,97,109,101,32,61,32,99,104,111,115,101,110,46,80,114,105,109,97,114,121,80,97,114,116,46,67,70,114,97,109,101,32,43,32,86,101,99,116,111,114,51,46,110,101,119,40,48,44,32,49,48,44,32,48,41,10,32,32,32,32,101,110,100,10,101,110,100,41,10,10,77,105,115,99,58,65,100,100,66,117,116,116,111,110,40,34,82,101,106,111,105,110,32,83,101,114,118,101,114,34,44,32,102,117,110,99,116,105,111,110,40,41,10,32,32,32,32,103,97,109,101,58,71,101,116,83,101,114,118,105,99,101,40,34,84,101,108,101,112,111,114,116,83,101,114,118,105,99,101,34,41,58,84,101,108,101,112,111,114,116,84,111,80,108,97,99,101,73,110,115,116,97,110,99,101,40,103,97,109,101,46,80,108,97,99,101,73,100,44,32,103,97,109,101,46,74,111,98,73,100,41,10,101,110,100,41,10,10,77,105,115,99,58,65,100,100,66,117,116,116,111,110,40,34,84,101,108,101,112,111,114,116,32,116,111,32,78,101,97,114,101,115,116,32,78,80,67,34,44,32,102,117,110,99,116,105,111,110,40,41,10,32,32,32,32,108,111,99,97,108,32,99,104,97,114,97,99,116,101,114,32,61,32,103,97,109,101,46,80,108,97,121,101,114,115,46,76,111,99,97,108,80,108,97,121,101,114,46,67,104,97,114,97,99,116,101,114,10,32,32,32,32,108,111,99,97,108,32,99,108,111,115,101,115,116,78,80,67,44,32,115,104,111,114,116,101,115,116,32,61,32,110,105,108,44,32,109,97,116,104,46,104,117,103,101,10,10,32,32,32,32,102,111,114,32,95,44,32,110,112,99,32,105,110,32,112,97,105,114,115,40,119,111,114,107,115,112,97,99,101,58,71,101,116,68,101,115,99,101,110,100,97,110,116,115,40,41,41,32,100,111,10,32,32,32,32,32,32,32,32,105,102,32,110,112,99,58,73,115,65,40,34,77,111,100,101,108,34,41,32,97,110,100,32,110,112,99,58,70,105,110,100,70,105,114,115,116,67,104,105,108,100,40,34,72,117,109,97,110,111,105,100,34,41,32,97,110,100,32,110,112,99,58,70,105,110,100,70,105,114,115,116,67,104,105,108,100,40,34,72,117,109,97,110,111,105,100,82,111,111,116,80,97,114,116,34,41,32,116,104,101,110,10,32,32,32,32,32,32,32,32,32,32,32,32,108,111,99,97,108,32,100,105,115,116,32,61,32,40,110,112,99,46,72,117,109,97,110,111,105,100,82,111,111,116,80,97,114,116,46,80,111,115,105,116,105,111,110,32,45,32,99,104,97,114,97,99,116,101,114,46,72,117,109,97,110,111,105,100,82,111,111,116,80,97,114,116,46,80,111,115,105,116,105,111,110,41,46,77,97,103,110,105,116,117,100,101,10,32,32,32,32,32,32,32,32,32,32,32,32,105,102,32,100,105,115,116,32,60,32,115,104,111,114,116,101,115,116,32,116,104,101,110,10,32,32,32,32,32,32,32,32,32,32,32,32,32,32,32,32,115,104,111,114,116,101,115,116,32,61,32,100,105,115,116,10,32,32,32,32,32,32,32,32,32,32,32,32,32,32,32,32,99,108,111,115,101,115,116,78,80,67,32,61,32,110,112,99,10,32,32,32,32,32,32,32,32,32,32,32,32,101,110,100,10,32,32,32,32,32,32,32,32,101,110,100,10,32,32,32,32,101,110,100,10,10,32,32,32,32,105,102,32,99,108,111,115,101,115,116,78,80,67,32,116,104,101,110,10,32,32,32,32,32,32,32,32,99,104,97,114,97,99,116,101,114,46,72,117,109,97,110,111,105,100,82,111,111,116,80,97,114,116,46,67,70,114,97,109,101,32,61,32,99,108,111,115,101,115,116,78,80,67,46,72,117,109,97,110,111,105,100,82,111,111,116,80,97,114,116,46,67,70,114,97,109,101,32,43,32,86,101,99,116,111,114,51,46,110,101,119,40,48,44,32,53,44,32,48,41,10,32,32,32,32,101,110,100,10,101,110,100,41,10,10,108,111,99,97,108,32,107,105,108,108,97,117,114,97,115,119,105,116,99,104,32,61,32,77,105,115,99,58,65,100,100,83,119,105,116,99,104,40,34,75,105,108,108,32,65,117,114,97,32,40,78,80,67,115,41,34,44,32,102,117,110,99,116,105,111,110,40,98,111,111,108,41,10,32,32,32,32,95,71,46,75,105,108,108,65,117,114,97,32,61,32,98,111,111,108,10,32,32,32,32,119,104,105,108,101,32,95,71,46,75,105,108,108,65,117,114,97,32,100,111,10,32,32,32,32,32,32,32,32,116,97,115,107,46,119,97,105,116,40,48,46,51,41,10,32,32,32,32,32,32,32,32,102,111,114,32,95,44,32,110,112,99,32,105,110,32,112,97,105,114,115,40,119,111,114,107,115,112,97,99,101,58,71,101,116,68,101,115,99,101,110,100,97,110,116,115,40,41,41,32,100,111,10,32,32,32,32,32,32,32,32,32,32,32,32,105,102,32,110,112,99,58,73,115,65,40,34,77,111,100,101,108,34,41,32,97,110,100,32,110,112,99,58,70,105,110,100,70,105,114,115,116,67,104,105,108,100,40,34,72,117,109,97,110,111,105,100,34,41,32,97,110,100,32,110,112,99,58,70,105,110,100,70,105,114,115,116,67,104,105,108,100,40,34,72,117,109,97,110,111,105,100,82,111,111,116,80,97,114,116,34,41,32,116,104,101,110,10,32,32,32,32,32,32,32,32,32,32,32,32,32,32,32,32,105,102,32,40,110,112,99,46,72,117,109,97,110,111,105,100,82,111,111,116,80,97,114,116,46,80,111,115,105,116,105,111,110,32,45,32,103,97,109,101,46,80,108,97,121,101,114,115,46,76,111,99,97,108,80,108,97,121,101,114,46,67,104,97,114,97,99,116,101,114,46,72,117,109,97,110,111,105,100,82,111,111,116,80,97,114,116,46,80,111,115,105,116,105,111,110,41,46,77,97,103,110,105,116,117,100,101,32,60,32,50,48,32,116,104,101,110,10,32,32,32,32,32,32,32,32,32,32,32,32,32,32,32,32,32,32,32,32,103,97,109,101,58,71,101,116,83,101,114,118,105,99,101,40,34,82,101,112,108,105,99,97,116,101,100,83,116,111,114,97,103,101,34,41,46,82,101,109,111,116,101,115,46,68,97,109,97,103,101,58,70,105,114,101,83,101,114,118,101,114,40,110,112,99,41,10,32,32,32,32,32,32,32,32,32,32,32,32,32,32,32,32,101,110,100,10,32,32,32,32,32,32,32,32,32,32,32,32,101,110,100,10,32,32,32,32,32,32,32,32,101,110,100,10,32,32,32,32,101,110,100,10,101,110,100,41,10,107,105,108,108,97,117,114,97,115,119,105,116,99,104,58,83,101,116,40,102,97,108,115,101,41,10,10,77,105,115,99,58,65,100,100,84,101,120,116,66,111,120,40,34,68,97,115,104,32,83,112,101,101,100,32,77,111,100,105,102,105,101,114,34,44,32,102,117,110,99,116,105,111,110,40,116,101,120,116,41,10,32,32,32,32,108,111,99,97,108,32,115,112,101,101,100,32,61,32,116,111,110,117,109,98,101,114,40,116,101,120,116,41,10,32,32,32,32,105,102,32,115,112,101,101,100,32,116,104,101,110,10,32,32,32,32,32,32,32,32,108,111,99,97,108,32,99,104,97,114,32,61,32,103,97,109,101,46,80,108,97,121,101,114,115,46,76,111,99,97,108,80,108,97,121,101,114,46,67,104,97,114,97,99,116,101,114,10,32,32,32,32,32,32,32,32,105,102,32,99,104,97,114,32,97,110,100,32,99,104,97,114,58,70,105,110,100,70,105,114,115,116,67,104,105,108,100,40,34,72,117,109,97,110,111,105,100,34,41,32,116,104,101,110,10,32,32,32,32,32,32,32,32,32,32,32,32,99,104,97,114,46,72,117,109,97,110,111,105,100,46,87,97,108,107,83,112,101,101,100,32,61,32,115,112,101,101,100,10,32,32,32,32,32,32,32,32,101,110,100,10,32,32,32,32,101,110,100,10,101,110,100,41,10,10,45,45,32,73,110,118,101,110,116,111,114,121,32,38,32,73,116,101,109,115,10,77,105,115,99,58,65,100,100,76,97,98,101,108,40,34,73,110,118,101,110,116,111,114,121,32,38,32,73,116,101,109,115,34,41,10,10,108,111,99,97,108,32,97,117,116,111,115,116,111,114,101,32,61,32,77,105,115,99,58,65,100,100,83,119,105,116,99,104,40,34,65,117,116,111,32,83,116,111,114,101,32,70,114,117,105,116,115,34,44,32,102,117,110,99,116,105,111,110,40,98,111,111,108,41,10,32,32,32,32,95,71,46,65,117,116,111,83,116,111,114,101,70,114,117,105,116,115,32,61,32,98,111,111,108,10,32,32,32,32,119,104,105,108,101,32,95,71,46,65,117,116,111,83,116,111,114,101,70,114,117,105,116,115,32,100,111,10,32,32,32,32,32,32,32,32,116,97,115,107,46,119,97,105,116,40,53,41,10,32,32,32,32,32,32,32,32,102,111,114,32,95,44,32,102,114,117,105,116,32,105,110,32,112,97,105,114,115,40,119,111,114,107,115,112,97,99,101,58,71,101,116,67,104,105,108,100,114,101,110,40,41,41,32,100,111,10,32,32,32,32,32,32,32,32,32,32,32,32,105,102,32,102,114,117,105,116,58,73,115,65,40,34,84,111,111,108,34,41,32,97,110,100,32,102,114,117,105,116,46,78,97,109,101,58,108,111,119,101,114,40,41,58,102,105,110,100,40,34,102,114,117,105,116,34,41,32,116,104,101,110,10,32,32,32,32,32,32,32,32,32,32,32,32,32,32,32,32,103,97,109,101,58,71,101,116,83,101,114,118,105,99,101,40,34,82,101,112,108,105,99,97,116,101,100,83,116,111,114,97,103,101,34,41,46,82,101,109,111,116,101,115,46,83,116,111,114,101,70,114,117,105,116,58,73,110,118,111,107,101,83,101,114,118,101,114,40,102,114,117,105,116,41,10,32,32,32,32,32,32,32,32,32,32,32,32,101,110,100,10,32,32,32,32,32,32,32,32,101,110,100,10,32,32,32,32,101,110,100,10,101,110,100,41,10,97,117,116,111,115,116,111,114,101,58,83,101,116,40,102,97,108,115,101,41,10,10,108,111,99,97,108,32,102,114,117,105,116,110,111,116,105,102,121,32,61,32,77,105,115,99,58,65,100,100,83,119,105,116,99,104,40,34,70,114,117,105,116,32,78,111,116,105,102,105,101,114,34,44,32,102,117,110,99,116,105,111,110,40,98,111,111,108,41,10,32,32,32,32,95,71,46,70,114,117,105,116,78,111,116,105,102,121,32,61,32,98,111,111,108,10,32,32,32,32,119,104,105,108,101,32,95,71,46,70,114,117,105,116,78,111,116,105,102,121,32,100,111,10,32,32,32,32,32,32,32,32,116,97,115,107,46,119,97,105,116,40,53,41,10,32,32,32,32,32,32,32,32,102,111,114,32,95,44,32,102,114,117,105,116,32,105,110,32,112,97,105,114,115,40,119,111,114,107,115,112,97,99,101,58,71,101,116,67,104,105,108,100,114,101,110,40,41,41,32,100,111,10,32,32,32,32,32,32,32,32,32,32,32,32,105,102,32,102,114,117,105,116,58,73,115,65,40,34,84,111,111,108,34,41,32,97,110,100,32,102,114,117,105,116,46,78,97,109,101,58,108,111,119,101,114,40,41,58,102,105,110,100,40,34,102,114,117,105,116,34,41,32,116,104,101,110,10,32,32,32,32,32,32,32,32,32,32,32,32,32,32,32,32,103,97,109,101,46,83,116,97,114,116,101,114,71,117,105,58,83,101,116,67,111,114,101,40,34,83,101,110,100,78,111,116,105,102,105,99,97,116,105,111,110,34,44,32,123,10,32,32,32,32,32,32,32,32,32,32,32,32,32,32,32,32,32,32,32,32,84,105,116,108,101,32,61,32,34,70,114,117,105,116,32,68,101,116,101,99,116,101,100,33,34,44,10,32,32,32,32,32,32,32,32,32,32,32,32,32,32,32,32,32,32,32,32,84,101,120,116,32,61,32,102,114,117,105,116,46,78,97,109,101,44,10,32,32,32,32,32,32,32,32,32,32,32,32,32,32,32,32,32,32,32,32,68,117,114,97,116,105,111,110,32,61,32,53,10,32,32,32,32,32,32,32,32,32,32,32,32,32,32,32,32,125,41,10,32,32,32,32,32,32,32,32,32,32,32,32,101,110,100,10,32,32,32,32,32,32,32,32,101,110,100,10,32,32,32,32,101,110,100,10,101,110,100,41,10,102,114,117,105,116,110,111,116,105,102,121,58,83,101,116,40,102,97,108,115,101,41,10,10,77,105,115,99,58,65,100,100,66,117,116,116,111,110,40,34,79,112,101,110,32,65,108,108,32,67,104,101,115,116,115,32,78,101,97,114,98,121,34,44,32,102,117,110,99,116,105,111,110,40,41,10,32,32,32,32,102,111,114,32,95,44,32,99,104,101,115,116,32,105,110,32,112,97,105,114,115,40,119,111,114,107,115,112,97,99,101,58,71,101,116,68,101,115,99,101,110,100,97,110,116,115,40,41,41,32,100,111,10,32,32,32,32,32,32,32,32,105,102,32,99,104,101,115,116,58,73,115,65,40,34,77,111,100,101,108,34,41,32,97,110,100,32,99,104,101,115,116,46,78,97,109,101,58,108,111,119,101,114,40,41,58,102,105,110,100,40,34,99,104,101,115,116,34,41,32,116,104,101,110,10,32,32,32,32,32,32,32,32,32,32,32,32,105,102,32,99,104,101,115,116,58,70,105,110,100,70,105,114,115,116,67,104,105,108,100,40,34,79,112,101,110,34,41,32,116,104,101,110,10,32,32,32,32,32,32,32,32,32,32,32,32,32,32,32,32,102,105,114,101,99,108,105,99,107,100,101,116,101,99,116,111,114,40,99,104,101,115,116,46,79,112,101,110,46,67,108,105,99,107,68,101,116,101,99,116,111,114,41,10,32,32,32,32,32,32,32,32,32,32,32,32,101,110,100,10,32,32,32,32,32,32,32,32,101,110,100,10,32,32,32,32,101,110,100,10,101,110,100,41,10,10,108,111,99,97,108,32,97,117,116,111,115,119,97,112,32,61,32,77,105,115,99,58,65,100,100,83,119,105,116,99,104,40,34,65,117,116,111,32,83,119,97,112,32,116,111,32,66,101,115,116,32,87,101,97,112,111,110,34,44,32,102,117,110,99,116,105,111,110,40,98,111,111,108,41,10,32,32,32,32,95,71,46,65,117,116,111,66,101,115,116,87,101,97,112,111,110,32,61,32,98,111,111,108,10,32,32,32,32,119,104,105,108,101,32,95,71,46,65,117,116,111,66,101,115,116,87,101,97,112,111,110,32,100,111,10,32,32,32,32,32,32,32,32,116,97,115,107,46,119,97,105,116,40,51,41,10,32,32,32,32,32,32,32,32,108,111,99,97,108,32,98,101,115,116,32,61,32,110,105,108,10,32,32,32,32,32,32,32,32,108,111,99,97,108,32,100,97,109,97,103,101,32,61,32,48,10,32,32,32,32,32,32,32,32,102,111,114,32,95,44,32,116,111,111,108,32,105,110,32,112,97,105,114,115,40,103,97,109,101,46,80,108,97,121,101,114,115,46,76,111,99,97,108,80,108,97,121,101,114,46,66,97,99,107,112,97,99,107,58,71,101,116,67,104,105,108,100,114,101,110,40,41,41,32,100,111,10,32,32,32,32,32,32,32,32,32,32,32,32,105,102,32,116,111,111,108,58,73,115,65,40,34,84,111,111,108,34,41,32,97,110,100,32,116,111,111,108,58,70,105,110,100,70,105,114,115,116,67,104,105,108,100,40,34,68,97,109,97,103,101,34,41,32,116,104,101,110,10,32,32,32,32,32,32,32,32,32,32,32,32,32,32,32,32,105,102,32,116,111,111,108,46,68,97,109,97,103,101,46,86,97,108,117,101,32,62,32,100,97,109,97,103,101,32,116,104,101,110,10,32,32,32,32,32,32,32,32,32,32,32,32,32,32,32,32,32,32,32,32,100,97,109,97,103,101,32,61,32,116,111,111,108,46,68,97,109,97,103,101,46,86,97,108,117,101,10,32,32,32,32,32,32,32,32,32,32,32,32,32,32,32,32,32,32,32,32,98,101,115,116,32,61,32,116,111,111,108,10,32,32,32,32,32,32,32,32,32,32,32,32,32,32,32,32,101,110,100,10,32,32,32,32,32,32,32,32,32,32,32,32,101,110,100,10,32,32,32,32,32,32,32,32,101,110,100,10,32,32,32,32,32,32,32,32,105,102,32,98,101,115,116,32,116,104,101,110,10,32,32,32,32,32,32,32,32,32,32,32,32,103,97,109,101,46,80,108,97,121,101,114,115,46,76,111,99,97,108,80,108,97,121,101,114,46,67,104,97,114,97,99,116,101,114,46,72,117,109,97,110,111,105,100,58,69,113,117,105,112,84,111,111,108,40,98,101,115,116,41,10,32,32,32,32,32,32,32,32,101,110,100,10,32,32,32,32,101,110,100,10,101,110,100,41,10,97,117,116,111,115,119,97,112,58,83,101,116,40,102,97,108,115,101,41,10,10,45,45,32,80,108,97,121,101,114,32,77,111,100,115,10,77,105,115,99,58,65,100,100,76,97,98,101,108,40,34,80,108,97,121,101,114,32,77,111,100,115,34,41,10,10,108,111,99,97,108,32,102,108,121,116,111,103,103,108,101,32,61,32,77,105,115,99,58,65,100,100,83,119,105,116,99,104,40,34,83,105,116,32,47,32,70,108,111,97,116,32,47,32,70,108,121,34,44,32,102,117,110,99,116,105,111,110,40,98,111,111,108,41,10,32,32,32,32,105,102,32,98,111,111,108,32,116,104,101,110,10,32,32,32,32,32,32,32,32,108,111,99,97,108,32,112,108,97,121,101,114,32,61,32,103,97,109,101,46,80,108,97,121,101,114,115,46,76,111,99,97,108,80,108,97,121,101,114,10,32,32,32,32,32,32,32,32,108,111,99,97,108,32,104,114,112,32,61,32,112,108,97,121,101,114,46,67,104,97,114,97,99,116,101,114,32,97,110,100,32,112,108,97,121,101,114,46,67,104,97,114,97,99,116,101,114,58,70,105,110,100,70,105,114,115,116,67,104,105,108,100,40,34,72,117,109,97,110,111,105,100,82,111,111,116,80,97,114,116,34,41,10,32,32,32,32,32,32,32,32,105,102,32,104,114,112,32,116,104,101,110,10,32,32,32,32,32,32,32,32,32,32,32,32,108,111,99,97,108,32,98,118,32,61,32,73,110,115,116,97,110,99,101,46,110,101,119,40,34,66,111,100,121,86,101,108,111,99,105,116,121,34,44,32,104,114,112,41,10,32,32,32,32,32,32,32,32,32,32,32,32,98,118,46,86,101,108,111,99,105,116,121,32,61,32,86,101,99,116,111,114,51,46,110,101,119,40,48,44,32,53,48,44,32,48,41,10,32,32,32,32,32,32,32,32,32,32,32,32,98,118,46,77,97,120,70,111,114,99,101,32,61,32,86,101,99,116,111,114,51,46,110,101,119,40,48,44,32,109,97,116,104,46,104,117,103,101,44,32,48,41,10,32,32,32,32,32,32,32,32,32,32,32,32,98,118,46,78,97,109,101,32,61,32,34,70,108,111,97,116,70,111,114,99,101,34,10,32,32,32,32,32,32,32,32,101,110,100,10,32,32,32,32,101,108,115,101,10,32,32,32,32,32,32,32,32,108,111,99,97,108,32,102,108,111,97,116,32,61,32,103,97,109,101,46,80,108,97,121,101,114,115,46,76,111,99,97,108,80,108,97,121,101,114,46,67,104,97,114,97,99,116,101,114,32,97,110,100,32,103,97,109,101,46,80,108,97,121,101,114,115,46,76,111,99,97,108,80,108,97,121,101,114,46,67,104,97,114,97,99,116,101,114,58,70,105,110,100,70,105,114,115,116,67,104,105,108,100,40,34,72,117,109,97,110,111,105,100,82,111,111,116,80,97,114,116,34,41,58,70,105,110,100,70,105,114,115,116,67,104,105,108,100,40,34,70,108,111,97,116,70,111,114,99,101,34,41,10,32,32,32,32,32,32,32,32,105,102,32,102,108,111,97,116,32,116,104,101,110,10,32,32,32,32,32,32,32,32,32,32,32,32,102,108,111,97,116,58,68,101,115,116,114,111,121,40,41,10,32,32,32,32,32,32,32,32,101,110,100,10,32,32,32,32,101,110,100,10,101,110,100,41,10,102,108,121,116,111,103,103,108,101,58,83,101,116,40,102,97,108,115,101,41,10,10,77,105,115,99,58,65,100,100,84,101,120,116,66,111,120,40,34,67,117,115,116,111,109,32,84,105,116,108,101,32,69,100,105,116,111,114,34,44,32,102,117,110,99,116,105,111,110,40,116,101,120,116,41,10,32,32,32,32,108,111,99,97,108,32,112,108,97,121,101,114,32,61,32,103,97,109,101,46,80,108,97,121,101,114,115,46,76,111,99,97,108,80,108,97,121,101,114,10,32,32,32,32,105,102,32,112,108,97,121,101,114,58,70,105,110,100,70,105,114,115,116,67,104,105,108,100,40,34,80,108,97,121,101,114,71,117,105,34,41,32,97,110,100,32,112,108,97,121,101,114,46,80,108,97,121,101,114,71,117,105,58,70,105,110,100,70,105,114,115,116,67,104,105,108,100,40,34,72,85,68,34,41,32,116,104,101,110,10,32,32,32,32,32,32,32,32,108,111,99,97,108,32,116,105,116,108,101,32,61,32,112,108,97,121,101,114,46,80,108,97,121,101,114,71,117,105,46,72,85,68,58,70,105,110,100,70,105,114,115,116,67,104,105,108,100,40,34,84,105,116,108,101,76,97,98,101,108,34,41,10,32,32,32,32,32,32,32,32,105,102,32,116,105,116,108,101,32,116,104,101,110,10,32,32,32,32,32,32,32,32,32,32,32,32,116,105,116,108,101,46,84,101,120,116,32,61,32,116,101,120,116,10,32,32,32,32,32,32,32,32,101,110,100,10,32,32,32,32,101,110,100,10,101,110,100,41,10,10,77,105,115,99,58,65,100,100,83,108,105,100,101,114,40,34,87,97,108,107,83,112,101,101,100,34,44,32,123,10,32,32,32,32,109,105,110,32,61,32,49,54,44,10,32,32,32,32,109,97,120,32,61,32,50,48,48,44,10,32,32,32,32,100,101,102,97,117,108,116,32,61,32,49,54,10,125,44,32,102,117,110,99,116,105,111,110,40,118,97,108,41,10,32,32,32,32,103,97,109,101,46,80,108,97,121,101,114,115,46,76,111,99,97,108,80,108,97,121,101,114,46,67,104,97,114,97,99,116,101,114,46,72,117,109,97,110,111,105,100,46,87,97,108,107,83,112,101,101,100,32,61,32,118,97,108,10,101,110,100,41,10,10,77,105,115,99,58,65,100,100,83,108,105,100,101,114,40,34,74,117,109,112,80,111,119,101,114,34,44,32,123,10,32,32,32,32,109,105,110,32,61,32,53,48,44,10,32,32,32,32,109,97,120,32,61,32,50,48,48,44,10,32,32,32,32,100,101,102,97,117,108,116,32,61,32,53,48,10,125,44,32,102,117,110,99,116,105,111,110,40,118,97,108,41,10,32,32,32,32,103,97,109,101,46,80,108,97,121,101,114,115,46,76,111,99,97,108,80,108,97,121,101,114,46,67,104,97,114,97,99,116,101,114,46,72,117,109,97,110,111,105,100,46,74,117,109,112,80,111,119,101,114,32,61,32,118,97,108,10,101,110,100,41,10,10,77,105,115,99,58,65,100,100,66,117,116,116,111,110,40,34,82,101,115,101,116,32,67,104,97,114,97,99,116,101,114,34,44,32,102,117,110,99,116,105,111,110,40,41,10,32,32,32,32,103,97,109,101,46,80,108,97,121,101,114,115,46,76,111,99,97,108,80,108,97,121,101,114,46,67,104,97,114,97,99,116,101,114,58,66,114,101,97,107,74,111,105,110,116,115,40,41,10,101,110,100,41,10,10,45,45,32,67,104,97,116,32,38,32,70,117,110,10,77,105,115,99,58,65,100,100,76,97,98,101,108,40,34,67,104,97,116,32,38,32,70,117,110,34,41,10,10,77,105,115,99,58,65,100,100,84,101,120,116,66,111,120,40,34,65,117,116,111,32,67,104,97,116,32,83,112,97,109,34,44,32,102,117,110,99,116,105,111,110,40,116,101,120,116,41,10,32,32,32,32,95,71,46,67,104,97,116,83,112,97,109,32,61,32,116,114,117,101,10,32,32,32,32,119,104,105,108,101,32,95,71,46,67,104,97,116,83,112,97,109,32,100,111,10,32,32,32,32,32,32,32,32,119,97,105,116,40,50,41,10,32,32,32,32,32,32,32,32,103,97,109,101,46,82,101,112,108,105,99,97,116,101,100,83,116,111,114,97,103,101,46,68,101,102,97,117,108,116,67,104,97,116,83,121,115,116,101,109,67,104,97,116,69,118,101,110,116,115,46,83,97,121,77,101,115,115,97,103,101,82,101,113,117,101,115,116,58,70,105,114,101,83,101,114,118,101,114,40,116,101,120,116,44,32,34,65,108,108,34,41,10,32,32,32,32,101,110,100,10,101,110,100,41,10,10,108,111,99,97,108,32,102,97,107,101,99,104,97,116,32,61,32,77,105,115,99,58,65,100,100,83,119,105,116,99,104,40,34,70,97,107,101,32,67,104,97,116,34,44,32,102,117,110,99,116,105,111,110,40,98,111,111,108,41,10,32,32,32,32,105,102,32,98,111,111,108,32,116,104,101,110,10,32,32,32,32,32,32,32,32,112,114,105,110,116,40,34,70,97,107,101,32,67,104,97,116,32,69,110,97,98,108,101,100,34,41,32,45,45,32,80,108,97,99,101,104,111,108,100,101,114,32,102,111,114,32,102,97,107,101,32,99,104,97,116,32,105,110,106,101,99,116,105,111,110,10,32,32,32,32,101,108,115,101,10,32,32,32,32,32,32,32,32,112,114,105,110,116,40,34,70,97,107,101,32,67,104,97,116,32,68,105,115,97,98,108,101,100,34,41,10,32,32,32,32,101,110,100,10,101,110,100,41,10,102,97,107,101,99,104,97,116,58,83,101,116,40,102,97,108,115,101,41,10,10,77,105,115,99,58,65,100,100,66,117,116,116,111,110,40,34,82,105,99,107,114,111,108,108,32,69,118,101,114,121,111,110,101,34,44,32,102,117,110,99,116,105,111,110,40,41,10,32,32,32,32,102,111,114,32,95,44,32,112,108,97,121,101,114,32,105,110,32,112,97,105,114,115,40,103,97,109,101,46,80,108,97,121,101,114,115,58,71,101,116,80,108,97,121,101,114,115,40,41,41,32,100,111,10,32,32,32,32,32,32,32,32,103,97,109,101,46,82,101,112,108,105,99,97,116,101,100,83,116,111,114,97,103,101,46,68,101,102,97,117,108,116,67,104,97,116,83,121,115,116,101,109,67,104,97,116,69,118,101,110,116,115,46,83,97,121,77,101,115,115,97,103,101,82,101,113,117,101,115,116,58,70,105,114,101,83,101,114,118,101,114,40,10,32,32,32,32,32,32,32,32,32,32,32,32,112,108,97,121,101,114,46,78,97,109,101,32,46,46,32,34,32,105,115,32,110,111,119,32,108,105,115,116,101,110,105,110,103,32,116,111,32,78,101,118,101,114,32,71,111,110,110,97,32,71,105,118,101,32,89,111,117,32,85,112,33,32,55356,57269,34,44,10,32,32,32,32,32,32,32,32,32,32,32,32,34,65,108,108,34,10,32,32,32,32,32,32,32,32,41,10,32,32,32,32,101,110,100,10,101,110,100,41,10,10,70,97,114,109,58,65,100,100,76,97,98,101,108,40,34,45,45,45,45,45,45,45,45,45,45,45,45,45,45,45,45,45,45,45,45,45,45,45,45,45,45,45,45,45,45,45,45,45,45,45,45,45,45,45,45,45,45,45,45,45,45,45,45,45,45,45,45,45,45,45,45,45,45,45,45,45,45,45,45,45,45,45,45,45,45,45,45,45,45,45,45,45,45,45,45,45,45,45,45,45,45,45,45,45,45,45,45,45,45,45,45,45,34,41,10,10,45,45,32,84,105,109,101,32,83,116,97,116,115,10,83,116,97,116,115,58,65,100,100,76,97,98,101,108,40,34,84,105,109,101,32,80,108,97,121,101,100,58,34,41,10,108,111,99,97,108,32,100,76,97,98,101,108,32,61,32,83,116,97,116,115,58,65,100,100,76,97,98,101,108,40,34,68,97,121,115,58,32,48,34,41,10,108,111,99,97,108,32,104,76,97,98,101,108,32,61,32,83,116,97,116,115,58,65,100,100,76,97,98,101,108,40,34,72,111,117,114,115,58,32,48,34,41,10,108,111,99,97,108,32,109,76,97,98,101,108,32,61,32,83,116,97,116,115,58,65,100,100,76,97,98,101,108,40,34,77,105,110,117,116,101,115,58,32,48,34,41,10,108,111,99,97,108,32,115,76,97,98,101,108,32,61,32,83,116,97,116,115,58,65,100,100,76,97,98,101,108,40,34,83,101,99,111,110,100,115,58,32,48,34,41,10,10,45,45,32,83,101,115,115,105,111,110,32,83,116,97,116,115,10,83,116,97,116,115,58,65,100,100,76,97,98,101,108,40,34,83,101,115,115,105,111,110,32,83,116,97,116,115,58,34,41,10,108,111,99,97,108,32,115,101,115,115,105,111,110,77,111,110,101,121,76,97,98,101,108,32,61,32,83,116,97,116,115,58,65,100,100,76,97,98,101,108,40,34,77,111,110,101,121,32,69,97,114,110,101,100,58,32,36,48,34,41,10,108,111,99,97,108,32,115,101,115,115,105,111,110,66,111,117,110,116,121,76,97,98,101,108,32,61,32,83,116,97,116,115,58,65,100,100,76,97,98,101,108,40,34,66,111,117,110,116,121,32,69,97,114,110,101,100,58,32,48,34,41,10,10,45,45,32,79,118,101,114,97,108,108,32,83,116,97,116,115,10,83,116,97,116,115,58,65,100,100,76,97,98,101,108,40,34,79,118,101,114,97,108,108,32,83,116,97,116,115,58,34,41,10,108,111,99,97,108,32,116,111,116,97,108,77,111,110,101,121,76,97,98,101,108,32,61,32,83,116,97,116,115,58,65,100,100,76,97,98,101,108,40,34,84,111,116,97,108,32,77,111,110,101,121,58,32,36,48,34,41,10,108,111,99,97,108,32,116,111,116,97,108,66,111,117,110,116,121,76,97,98,101,108,32,61,32,83,116,97,116,115,58,65,100,100,76,97,98,101,108,40,34,84,111,116,97,108,32,66,111,117,110,116,121,58,32,48,34,41,10,10,45,45,32,86,97,114,105,97,98,108,101,115,32,102,111,114,32,116,114,97,99,107,105,110,103,10,108,111,99,97,108,32,115,101,99,111,110,100,115,32,61,32,48,10,108,111,99,97,108,32,115,101,115,115,105,111,110,77,111,110,101,121,32,61,32,48,10,108,111,99,97,108,32,115,101,115,115,105,111,110,66,111,117,110,116,121,32,61,32,48,10,108,111,99,97,108,32,116,111,116,97,108,77,111,110,101,121,32,61,32,49,48,48,48,48,48,48,32,45,45,32,82,101,112,108,97,99,101,32,119,105,116,104,32,115,97,118,101,100,32,116,111,116,97,108,32,105,102,32,110,101,101,100,101,100,10,108,111,99,97,108,32,116,111,116,97,108,66,111,117,110,116,121,32,61,32,53,48,48,48,48,32,32,45,45,32,82,101,112,108,97,99,101,32,119,105,116,104,32,115,97,118,101,100,32,116,111,116,97,108,32,105,102,32,110,101,101,100,101,100,10,10,45,45,32,84,105,109,101,32,38,32,83,116,97,116,115,32,85,112,100,97,116,101,32,76,111,111,112,10,116,97,115,107,46,115,112,97,119,110,40,102,117,110,99,116,105,111,110,40,41,10,9,119,104,105,108,101,32,116,114,117,101,32,100,111,10,9,9,116,97,115,107,46,119,97,105,116,40,49,41,10,9,9,115,101,99,111,110,100,115,32,43,61,32,49,10,9,9,108,111,99,97,108,32,109,105,110,115,32,61,32,109,97,116,104,46,102,108,111,111,114,40,115,101,99,111,110,100,115,32,47,32,54,48,41,10,9,9,108,111,99,97,108,32,104,114,115,32,61,32,109,97,116,104,46,102,108,111,111,114,40,109,105,110,115,32,47,32,54,48,41,10,9,9,108,111,99,97,108,32,100,97,121,115,32,61,32,109,97,116,104,46,102,108,111,111,114,40,104,114,115,32,47,32,50,52,41,10,10,9,9,100,76,97,98,101,108,58,83,101,116,40,34,68,97,121,115,58,32,34,32,46,46,32,100,97,121,115,41,10,9,9,104,76,97,98,101,108,58,83,101,116,40,34,72,111,117,114,115,58,32,34,32,46,46,32,40,104,114,115,32,37,32,50,52,41,41,10,9,9,109,76,97,98,101,108,58,83,101,116,40,34,77,105,110,117,116,101,115,58,32,34,32,46,46,32,40,109,105,110,115,32,37,32,54,48,41,41,10,9,9,115,76,97,98,101,108,58,83,101,116,40,34,83,101,99,111,110,100,115,58,32,34,32,46,46,32,40,115,101,99,111,110,100,115,32,37,32,54,48,41,41,10,10,9,9,45,45,32,69,120,97,109,112,108,101,32,115,105,109,117,108,97,116,105,111,110,32,111,102,32,101,97,114,110,101,100,32,109,111,110,101,121,32,97,110,100,32,98,111,117,110,116,121,10,9,9,115,101,115,115,105,111,110,77,111,110,101,121,32,43,61,32,109,97,116,104,46,114,97,110,100,111,109,40,49,48,48,44,32,49,48,48,48,41,10,9,9,115,101,115,115,105,111,110,66,111,117,110,116,121,32,43,61,32,109,97,116,104,46,114,97,110,100,111,109,40,53,44,32,50,48,41,10,10,9,9,116,111,116,97,108,77,111,110,101,121,32,43,61,32,115,101,115,115,105,111,110,77,111,110,101,121,10,9,9,116,111,116,97,108,66,111,117,110,116,121,32,43,61,32,115,101,115,115,105,111,110,66,111,117,110,116,121,10,10,9,9,115,101,115,115,105,111,110,77,111,110,101,121,76,97,98,101,108,58,83,101,116,40,34,77,111,110,101,121,32,69,97,114,110,101,100,58,32,36,34,32,46,46,32,115,101,115,115,105,111,110,77,111,110,101,121,41,10,9,9,115,101,115,115,105,111,110,66,111,117,110,116,121,76,97,98,101,108,58,83,101,116,40,34,66,111,117,110,116,121,32,69,97,114,110,101,100,58,32,34,32,46,46,32,115,101,115,115,105,111,110,66,111,117,110,116,121,41,10,10,9,9,116,111,116,97,108,77,111,110,101,121,76,97,98,101,108,58,83,101,116,40,34,84,111,116,97,108,32,77,111,110,101,121,58,32,36,34,32,46,46,32,116,111,116,97,108,77,111,110,101,121,41,10,9,9,116,111,116,97,108,66,111,117,110,116,121,76,97,98,101,108,58,83,101,116,40,34,84,111,116,97,108,32,66,111,117,110,116,121,58,32,34,32,46,46,32,116,111,116,97,108,66,111,117,110,116,121,41,10,9,101,110,100,10,101,110,100,41,10,10,67,114,101,100,105,116,115,58,65,100,100,76,97,98,101,108,40,34,78,111,118,97,32,72,117,98,32,119,97,115,32,112,114,111,117,100,108,121,32,99,114,101,97,116,101,100,32,98,121,58,34,41,10,67,114,101,100,105,116,115,58,65,100,100,76,97,98,101,108,40,34,116,116,118,107,97,105,115,101,114,32,40,76,101,97,100,32,68,101,118,101,108,111,112,101,114,32,38,32,86,105,115,105,111,110,97,114,121,41,34,41,10,67,114,101,100,105,116,115,58,65,100,100,76,97,98,101,108,40,34,70,76,88,95,76,105,97,109,32,40,67,111,114,101,32,68,101,118,101,108,111,112,101,114,32,38,32,83,121,115,116,101,109,115,32,65,114,99,104,105,116,101,99,116,41,34,41,10,67,114,101,100,105,116,115,58,65,100,100,76,97,98,101,108,40,34,34,41,10,67,114,101,100,105,116,115,58,65,100,100,76,97,98,101,108,40,34,65,102,116,101,114,32,116,104,101,32,117,110,102,111,114,116,117,110,97,116,101,32,116,97,107,101,100,111,119,110,32,111,102,32,68,114,97,103,111,110,32,72,117,98,44,34,41,10,67,114,101,100,105,116,115,58,65,100,100,76,97,98,101,108,40,34,119,101,32,100,101,99,105,100,101,100,32,116,111,32,114,105,115,101,32,102,114,111,109,32,116,104,101,32,97,115,104,101,115,32,97,110,100,32,115,116,97,114,116,32,102,114,101,115,104,46,34,41,10,67,114,101,100,105,116,115,58,65,100,100,76,97,98,101,108,40,34,78,111,118,97,32,72,117,98,32,119,97,115,32,98,111,114,110,32,102,114,111,109,32,116,104,101,32,112,97,115,115,105,111,110,32,97,110,100,32,101,102,102,111,114,116,34,41,10,67,114,101,100,105,116,115,58,65,100,100,76,97,98,101,108,40,34,111,102,32,116,119,111,32,100,101,100,105,99,97,116,101,100,32,100,101,118,101,108,111,112,101,114,115,32,119,104,111,32,100,105,100,110,8217,116,32,103,105,118,101,32,117,112,46,34,41,10,67,114,101,100,105,116,115,58,65,100,100,76,97,98,101,108,40,34,34,41,10,67,114,101,100,105,116,115,58,65,100,100,76,97,98,101,108,40,34,87,101,8217,114,101,32,105,110,99,114,101,100,105,98,108,121,32,112,114,111,117,100,32,111,102,32,119,104,97,116,32,119,101,8217,118,101,32,98,117,105,108,116,46,34,41,10,67,114,101,100,105,116,115,58,65,100,100,76,97,98,101,108,40,34,84,104,105,115,32,110,101,119,32,106,111,117,114,110,101,121,32,105,115,32,111,110,108,121,32,116,104,101,32,98,101,103,105,110,110,105,110,103,46,34,41,10,67,114,101,100,105,116,115,58,65,100,100,76,97,98,101,108,40,34,84,104,97,110,107,32,121,111,117,32,116,111,32,101,118,101,114,121,111,110,101,32,115,117,112,112,111,114,116,105,110,103,32,78,111,118,97,32,72,117,98,46,34,41,10,67,114,101,100,105,116,115,58,65,100,100,76,97,98,101,108,40,34,77,111,114,101,32,117,112,100,97,116,101,115,32,97,110,100,32,102,101,97,116,117,114,101,115,32,97,114,101,32,99,111,109,105,110,103,32,115,111,111,110,33,34,41,10,10,83,101,116,116,105,110,103,115,58,65,100,100,76,97,98,101,108,40,34,71,101,110,101,114,97,108,32,67,111,110,102,105,103,117,114,97,116,105,111,110,115,34,41,10,10,45,45,32,65,117,116,111,32,82,101,99,111,110,110,101,99,116,32,40,82,101,106,111,105,110,32,105,102,32,100,105,115,99,111,110,110,101,99,116,101,100,32,111,114,32,107,105,99,107,101,100,32,116,111,32,109,101,110,117,41,10,108,111,99,97,108,32,97,117,116,111,114,101,99,111,110,110,101,99,116,115,119,105,116,99,104,32,61,32,83,101,116,116,105,110,103,115,58,65,100,100,83,119,105,116,99,104,40,34,65,117,116,111,32,82,101,99,111,110,110,101,99,116,34,44,32,102,117,110,99,116,105,111,110,40,98,111,111,108,41,10,32,32,32,32,103,101,116,103,101,110,118,40,41,46,65,117,116,111,82,101,99,111,110,110,101,99,116,32,61,32,98,111,111,108,10,101,110,100,41,10,97,117,116,111,114,101,99,111,110,110,101,99,116,115,119,105,116,99,104,58,83,101,116,40,102,97,108,115,101,41,10,10,83,101,116,116,105,110,103,115,58,65,100,100,66,117,116,116,111,110,40,34,65,117,116,111,32,72,111,112,32,83,101,114,118,101,114,115,34,44,32,102,117,110,99,116,105,111,110,40,41,10,32,32,32,32,108,111,99,97,108,32,84,80,83,32,61,32,103,97,109,101,58,71,101,116,83,101,114,118,105,99,101,40,34,84,101,108,101,112,111,114,116,83,101,114,118,105,99,101,34,41,10,32,32,32,32,108,111,99,97,108,32,80,108,97,99,101,73,68,32,61,32,103,97,109,101,46,80,108,97,99,101,73,100,10,32,32,32,32,84,80,83,58,84,101,108,101,112,111,114,116,40,80,108,97,99,101,73,68,44,32,103,97,109,101,46,80,108,97,121,101,114,115,46,76,111,99,97,108,80,108,97,121,101,114,41,10,101,110,100,41,10,10,83,101,116,116,105,110,103,115,58,65,100,100,76,97,98,101,108,40,34,80,101,114,102,111,114,109,97,110,99,101,32,69,110,104,97,110,99,101,114,115,34,41,10,10,83,101,116,116,105,110,103,115,58,65,100,100,66,117,116,116,111,110,40,34,70,80,83,32,66,111,111,115,116,101,114,34,44,32,102,117,110,99,116,105,111,110,40,41,10,32,32,32,32,102,111,114,32,95,44,32,118,32,105,110,32,112,97,105,114,115,40,103,97,109,101,58,71,101,116,68,101,115,99,101,110,100,97,110,116,115,40,41,41,32,100,111,10,32,32,32,32,32,32,32,32,105,102,32,118,58,73,115,65,40,34,66,97,115,101,80,97,114,116,34,41,32,116,104,101,110,10,32,32,32,32,32,32,32,32,32,32,32,32,118,46,77,97,116,101,114,105,97,108,32,61,32,69,110,117,109,46,77,97,116,101,114,105,97,108,46,83,109,111,111,116,104,80,108,97,115,116,105,99,10,32,32,32,32,32,32,32,32,32,32,32,32,118,46,82,101,102,108,101,99,116,97,110,99,101,32,61,32,48,10,32,32,32,32,32,32,32,32,101,108,115,101,105,102,32,118,58,73,115,65,40,34,68,101,99,97,108,34,41,32,116,104,101,110,10,32,32,32,32,32,32,32,32,32,32,32,32,118,46,84,114,97,110,115,112,97,114,101,110,99,121,32,61,32,49,10,32,32,32,32,32,32,32,32,101,110,100,10,32,32,32,32,101,110,100,10,32,32,32,32,115,101,116,116,105,110,103,115,40,41,46,82,101,110,100,101,114,105,110,103,46,81,117,97,108,105,116,121,76,101,118,101,108,32,61,32,69,110,117,109,46,81,117,97,108,105,116,121,76,101,118,101,108,46,76,101,118,101,108,48,49,10,101,110,100,41,10,10,83,101,116,116,105,110,103,115,58,65,100,100,66,117,116,116,111,110,40,34,65,117,116,111,32,71,114,97,112,104,105,99,115,34,44,32,102,117,110,99,116,105,111,110,40,41,10,32,32,32,32,115,101,116,116,105,110,103,115,40,41,46,82,101,110,100,101,114,105,110,103,46,81,117,97,108,105,116,121,76,101,118,101,108,32,61,32,69,110,117,109,46,81,117,97,108,105,116,121,76,101,118,101,108,46,65,117,116,111,109,97,116,105,99,10,101,110,100,41,10,10,83,101,116,116,105,110,103,115,58,65,100,100,66,117,116,116,111,110,40,34,65,110,116,105,32,76,97,103,32,77,111,100,101,34,44,32,102,117,110,99,116,105,111,110,40,41,10,32,32,32,32,102,111,114,32,95,44,32,118,32,105,110,32,112,97,105,114,115,40,103,97,109,101,58,71,101,116,68,101,115,99,101,110,100,97,110,116,115,40,41,41,32,100,111,10,32,32,32,32,32,32,32,32,105,102,32,118,58,73,115,65,40,34,80,97,114,116,105,99,108,101,69,109,105,116,116,101,114,34,41,32,111,114,32,118,58,73,115,65,40,34,84,114,97,105,108,34,41,32,116,104,101,110,10,32,32,32,32,32,32,32,32,32,32,32,32,118,46,69,110,97,98,108,101,100,32,61,32,102,97,108,115,101,10,32,32,32,32,32,32,32,32,101,108,115,101,105,102,32,118,58,73,115,65,40,34,69,120,112,108,111,115,105,111,110,34,41,32,116,104,101,110,10,32,32,32,32,32,32,32,32,32,32,32,32,118,46,86,105,115,105,98,108,101,32,61,32,102,97,108,115,101,10,32,32,32,32,32,32,32,32,101,110,100,10,32,32,32,32,101,110,100,10,32,32,32,32,103,97,109,101,58,71,101,116,83,101,114,118,105,99,101,40,34,76,105,103,104,116,105,110,103,34,41,46,70,111,103,69,110,100,32,61,32,49,48,48,48,48,48,48,10,101,110,100,41,10,10,83,101,116,116,105,110,103,115,58,65,100,100,76,97,98,101,108,40,34,83,97,102,101,116,121,32,83,101,116,116,105,110,103,115,34,41,10,10,83,101,116,116,105,110,103,115,58,65,100,100,66,117,116,116,111,110,40,34,65,110,116,105,32,65,70,75,34,44,32,102,117,110,99,116,105,111,110,40,41,10,32,32,32,32,108,111,99,97,108,32,118,117,32,61,32,103,97,109,101,58,71,101,116,83,101,114,118,105,99,101,40,34,86,105,114,116,117,97,108,85,115,101,114,34,41,10,32,32,32,32,103,97,109,101,58,71,101,116,83,101,114,118,105,99,101,40,34,80,108,97,121,101,114,115,34,41,46,76,111,99,97,108,80,108,97,121,101,114,46,73,100,108,101,100,58,67,111,110,110,101,99,116,40,102,117,110,99,116,105,111,110,40,41,10,32,32,32,32,32,32,32,32,118,117,58,66,117,116,116,111,110,50,68,111,119,110,40,86,101,99,116,111,114,50,46,110,101,119,40,48,44,48,41,44,119,111,114,107,115,112,97,99,101,46,67,117,114,114,101,110,116,67,97,109,101,114,97,46,67,70,114,97,109,101,41,10,32,32,32,32,32,32,32,32,119,97,105,116,40,49,41,10,32,32,32,32,32,32,32,32,118,117,58,66,117,116,116,111,110,50,85,112,40,86,101,99,116,111,114,50,46,110,101,119,40,48,44,48,41,44,119,111,114,107,115,112,97,99,101,46,67,117,114,114,101,110,116,67,97,109,101,114,97,46,67,70,114,97,109,101,41,10,32,32,32,32,101,110,100,41,10,101,110,100,41,10,10,45,45,32,75,105,99,107,32,105,102,32,97,32,109,111,100,32,106,111,105,110,115,10,108,111,99,97,108,32,107,105,99,107,111,110,109,111,100,115,119,105,116,99,104,32,61,32,83,101,116,116,105,110,103,115,58,65,100,100,83,119,105,116,99,104,40,34,65,117,116,111,32,75,105,99,107,115,32,121,111,117,32,119,104,101,110,32,109,111,100,32,74,111,105,110,115,34,44,32,102,117,110,99,116,105,111,110,40,98,111,111,108,41,10,32,32,32,32,103,101,116,103,101,110,118,40,41,46,75,105,99,107,79,110,77,111,100,74,111,105,110,32,61,32,98,111,111,108,10,101,110,100,41,10,107,105,99,107,111,110,109,111,100,115,119,105,116,99,104,58,83,101,116,40,102,97,108,115,101,41,10,10,45,45,32,65,117,116,111,32,108,101,97,118,101,32,105,102,32,115,117,115,112,105,99,105,111,117,115,32,117,115,101,114,32,111,114,32,107,101,121,119,111,114,100,115,32,97,114,101,32,102,111,117,110,100,10,108,111,99,97,108,32,97,117,116,111,108,101,97,118,101,115,119,105,116,99,104,32,61,32,83,101,116,116,105,110,103,115,58,65,100,100,83,119,105,116,99,104,40,34,65,117,116,111,32,76,101,97,118,101,115,32,87,104,101,110,32,68,97,110,103,101,114,32,68,101,116,101,99,116,101,100,34,44,32,102,117,110,99,116,105,111,110,40,98,111,111,108,41,10,32,32,32,32,103,101,116,103,101,110,118,40,41,46,65,117,116,111,76,101,97,118,101,68,97,110,103,101,114,32,61,32,98,111,111,108,10,101,110,100,41,10,97,117,116,111,108,101,97,118,101,115,119,105,116,99,104,58,83,101,116,40,102,97,108,115,101,41,10,10,45,45,32,77,111,110,105,116,111,114,32,112,108,97,121,101,114,115,32,102,111,114,32,109,111,100,32,110,97,109,101,115,32,40,115,97,109,112,108,101,32,100,101,116,101,99,116,105,111,110,32,108,111,103,105,99,41,10,103,97,109,101,46,80,108,97,121,101,114,115,46,80,108,97,121,101,114,65,100,100,101,100,58,67,111,110,110,101,99,116,40,102,117,110,99,116,105,111,110,40,112,108,97,121,101,114,41,10,32,32,32,32,105,102,32,103,101,116,103,101,110,118,40,41,46,75,105,99,107,79,110,77,111,100,74,111,105,110,32,111,114,32,103,101,116,103,101,110,118,40,41,46,65,117,116,111,76,101,97,118,101,68,97,110,103,101,114,32,116,104,101,110,10,32,32,32,32,32,32,32,32,108,111,99,97,108,32,110,97,109,101,32,61,32,112,108,97,121,101,114,46,78,97,109,101,58,108,111,119,101,114,40,41,10,32,32,32,32,32,32,32,32,108,111,99,97,108,32,100,105,115,112,108,97,121,78,97,109,101,32,61,32,112,108,97,121,101,114,46,68,105,115,112,108,97,121,78,97,109,101,58,108,111,119,101,114,40,41,10,32,32,32,32,32,32,32,32,108,111,99,97,108,32,115,117,115,112,105,99,105,111,117,115,75,101,121,119,111,114,100,115,32,61,32,123,32,34,109,111,100,34,44,32,34,97,100,109,105,110,34,44,32,34,115,116,97,102,102,34,44,32,34,100,101,118,34,44,32,34,109,111,100,101,114,97,116,111,114,34,32,125,10,10,32,32,32,32,32,32,32,32,102,111,114,32,95,44,32,107,101,121,119,111,114,100,32,105,110,32,105,112,97,105,114,115,40,115,117,115,112,105,99,105,111,117,115,75,101,121,119,111,114,100,115,41,32,100,111,10,32,32,32,32,32,32,32,32,32,32,32,32,105,102,32,110,97,109,101,58,102,105,110,100,40,107,101,121,119,111,114,100,41,32,111,114,32,100,105,115,112,108,97,121,78,97,109,101,58,102,105,110,100,40,107,101,121,119,111,114,100,41,32,116,104,101,110,10,32,32,32,32,32,32,32,32,32,32,32,32,32,32,32,32,105,102,32,103,101,116,103,101,110,118,40,41,46,75,105,99,107,79,110,77,111,100,74,111,105,110,32,116,104,101,110,10,32,32,32,32,32,32,32,32,32,32,32,32,32,32,32,32,32,32,32,32,103,97,109,101,46,80,108,97,121,101,114,115,46,76,111,99,97,108,80,108,97,121,101,114,58,75,105,99,107,40,34,77,111,100,101,114,97,116,111,114,32,106,111,105,110,101,100,46,32,65,117,116,111,45,107,105,99,107,101,100,46,34,41,10,32,32,32,32,32,32,32,32,32,32,32,32,32,32,32,32,101,108,115,101,105,102,32,103,101,116,103,101,110,118,40,41,46,65,117,116,111,76,101,97,118,101,68,97,110,103,101,114,32,116,104,101,110,10,32,32,32,32,32,32,32,32,32,32,32,32,32,32,32,32,32,32,32,32,103,97,109,101,58,71,101,116,83,101,114,118,105,99,101,40,34,84,101,108,101,112,111,114,116,83,101,114,118,105,99,101,34,41,58,84,101,108,101,112,111,114,116,40,103,97,109,101,46,80,108,97,99,101,73,100,44,32,103,97,109,101,46,80,108,97,121,101,114,115,46,76,111,99,97,108,80,108,97,121,101,114,41,10,32,32,32,32,32,32,32,32,32,32,32,32,32,32,32,32,101,110,100,10,32,32,32,32,32,32,32,32,32,32,32,32,101,110,100,10,32,32,32,32,32,32,32,32,101,110,100,10,32,32,32,32,101,110,100,10,101,110,100,41,10,10,83,101,116,116,105,110,103,115,58,65,100,100,76,97,98,101,108,40,34,83,99,114,105,112,116,34,41,10,83,101,116,116,105,110,103,115,58,65,100,100,76,97,98,101,108,40,34,67,117,114,114,101,110,116,32,86,101,114,115,105,111,110,58,32,118,46,50,46,48,46,56,34,41))